nodes
0 0 374
1 123 374
2 123 499
3 0 499
4 0 249
5 123 249
6 123 373
7 0 373
8 124 374
9 248 374
10 248 499
11 124 499
12 124 342
13 153 342
14 153 373
15 124 373
16 124 326
17 137 326
18 137 341
19 124 341
20 124 311
21 137 311
22 137 325
23 124 325
24 138 333
25 144 333
26 144 341
27 138 341
28 138 326
29 144 326
30 144 332
31 138 332
32 145 333
33 153 333
34 153 341
35 145 341
36 145 326
37 153 326
38 153 332
39 145 332
40 138 318
41 144 318
42 144 325
43 138 325
44 138 311
45 144 311
46 144 317
47 138 317
48 145 318
49 153 318
50 153 325
51 145 325
52 145 311
53 153 311
54 153 317
55 145 317
56 154 357
57 168 357
58 168 373
59 154 373
60 154 349
61 160 349
62 160 356
63 154 356
64 154 342
65 160 342
66 160 348
67 154 348
68 161 349
69 168 349
70 168 356
71 161 356
72 161 342
73 168 342
74 168 348
75 161 348
76 169 357
77 185 357
78 185 373
79 169 373
80 169 349
81 176 349
82 176 356
83 169 356
84 169 342
85 176 342
86 176 348
87 169 348
88 177 349
89 185 349
90 185 356
91 177 356
92 177 342
93 185 342
94 185 348
95 177 348
96 154 333
97 160 333
98 160 341
99 154 341
100 154 326
101 160 326
102 160 332
103 154 332
104 161 333
105 168 333
106 168 341
107 161 341
108 161 326
109 168 326
110 168 332
111 161 332
112 154 311
113 168 311
114 168 325
115 154 325
116 169 326
117 185 326
118 185 341
119 169 341
120 169 311
121 185 311
122 185 325
123 169 325
124 124 302
125 129 302
126 129 310
127 124 310
128 124 294
129 129 294
130 129 301
131 124 301
132 130 302
133 137 302
134 137 310
135 130 310
136 130 294
137 137 294
138 137 301
139 130 301
140 124 279
141 137 279
142 137 293
143 124 293
144 138 294
145 153 294
146 153 310
147 138 310
148 138 286
149 144 286
150 144 293
151 138 293
152 138 279
153 144 279
154 144 285
155 138 285
156 145 286
157 153 286
158 153 293
159 145 293
160 145 279
161 153 279
162 153 285
163 145 285
164 124 263
165 137 263
166 137 278
167 124 278
168 124 249
169 137 249
170 137 262
171 124 262
172 138 270
173 144 270
174 144 278
175 138 278
176 138 263
177 144 263
178 144 269
179 138 269
180 145 270
181 153 270
182 153 278
183 145 278
184 145 263
185 153 263
186 153 269
187 145 269
188 138 249
189 153 249
190 153 262
191 138 262
192 154 279
193 185 279
194 185 310
195 154 310
196 154 270
197 160 270
198 160 278
199 154 278
200 154 263
201 160 263
202 160 269
203 154 269
204 161 270
205 168 270
206 168 278
207 161 278
208 161 263
209 168 263
210 168 269
211 161 269
212 154 255
213 160 255
214 160 262
215 154 262
216 154 249
217 160 249
218 160 254
219 154 254
220 161 255
221 168 255
222 168 262
223 161 262
224 161 249
225 168 249
226 168 254
227 161 254
228 169 263
229 185 263
230 185 278
231 169 278
232 169 255
233 176 255
234 176 262
235 169 262
236 169 249
237 176 249
238 176 254
239 169 254
240 177 255
241 185 255
242 185 262
243 177 262
244 177 249
245 185 249
246 185 254
247 177 254
248 186 357
249 200 357
250 200 373
251 186 373
252 186 349
253 192 349
254 192 356
255 186 356
256 186 342
257 192 342
258 192 348
259 186 348
260 193 349
261 200 349
262 200 356
263 193 356
264 193 342
265 200 342
266 200 348
267 193 348
268 201 357
269 216 357
270 216 373
271 201 373
272 201 349
273 207 349
274 207 356
275 201 356
276 201 342
277 207 342
278 207 348
279 201 348
280 208 349
281 216 349
282 216 356
283 208 356
284 208 342
285 216 342
286 216 348
287 208 348
288 186 311
289 216 311
290 216 341
291 186 341
292 217 357
293 231 357
294 231 373
295 217 373
296 217 349
297 223 349
298 223 356
299 217 356
300 217 342
301 223 342
302 223 348
303 217 348
304 224 349
305 231 349
306 231 356
307 224 356
308 224 342
309 231 342
310 231 348
311 224 348
312 232 357
313 248 357
314 248 373
315 232 373
316 232 349
317 239 349
318 239 356
319 232 356
320 232 342
321 239 342
322 239 348
323 232 348
324 240 349
325 248 349
326 248 356
327 240 356
328 240 342
329 248 342
330 248 348
331 240 348
332 217 326
333 231 326
334 231 341
335 217 341
336 217 311
337 231 311
338 231 325
339 217 325
340 232 333
341 239 333
342 239 341
343 232 341
344 232 326
345 239 326
346 239 332
347 232 332
348 240 333
349 248 333
350 248 341
351 240 341
352 240 326
353 248 326
354 248 332
355 240 332
356 232 311
357 248 311
358 248 325
359 232 325
360 186 279
361 216 279
362 216 310
363 186 310
364 186 263
365 200 263
366 200 278
367 186 278
368 186 255
369 192 255
370 192 262
371 186 262
372 186 249
373 192 249
374 192 254
375 186 254
376 193 255
377 200 255
378 200 262
379 193 262
380 193 249
381 200 249
382 200 254
383 193 254
384 201 263
385 216 263
386 216 278
387 201 278
388 201 255
389 207 255
390 207 262
391 201 262
392 201 249
393 207 249
394 207 254
395 201 254
396 208 255
397 216 255
398 216 262
399 208 262
400 208 249
401 216 249
402 216 254
403 208 254
404 217 279
405 248 279
406 248 310
407 217 310
408 217 263
409 231 263
410 231 278
411 217 278
412 217 255
413 223 255
414 223 262
415 217 262
416 217 249
417 223 249
418 223 254
419 217 254
420 224 255
421 231 255
422 231 262
423 224 262
424 224 249
425 231 249
426 231 254
427 224 254
428 232 270
429 239 270
430 239 278
431 232 278
432 232 263
433 239 263
434 239 269
435 232 269
436 240 270
437 248 270
438 248 278
439 240 278
440 240 263
441 248 263
442 248 269
443 240 269
444 232 255
445 239 255
446 239 262
447 232 262
448 232 249
449 239 249
450 239 254
451 232 254
452 240 255
453 248 255
454 248 262
455 240 262
456 240 249
457 248 249
458 248 254
459 240 254
460 0 186
461 60 186
462 60 248
463 0 248
464 0 124
465 60 124
466 60 185
467 0 185
468 61 186
469 123 186
470 123 248
471 61 248
472 61 154
473 91 154
474 91 185
475 61 185
476 61 124
477 91 124
478 91 153
479 61 153
480 92 154
481 123 154
482 123 185
483 92 185
484 92 138
485 106 138
486 106 153
487 92 153
488 92 130
489 98 130
490 98 137
491 92 137
492 92 124
493 98 124
494 98 129
495 92 129
496 99 130
497 106 130
498 106 137
499 99 137
500 99 124
501 106 124
502 106 129
503 99 129
504 107 138
505 123 138
506 123 153
507 107 153
508 107 130
509 114 130
510 114 137
511 107 137
512 107 124
513 114 124
514 114 129
515 107 129
516 115 130
517 123 130
518 123 137
519 115 137
520 115 124
521 123 124
522 123 129
523 115 129
524 0 92
525 29 92
526 29 123
527 0 123
528 0 61
529 29 61
530 29 91
531 0 91
532 30 107
533 44 107
534 44 123
535 30 123
536 30 92
537 44 92
538 44 106
539 30 106
540 45 107
541 60 107
542 60 123
543 45 123
544 45 99
545 51 99
546 51 106
547 45 106
548 45 92
549 51 92
550 51 98
551 45 98
552 52 99
553 60 99
554 60 106
555 52 106
556 52 92
557 60 92
558 60 98
559 52 98
560 30 76
561 44 76
562 44 91
563 30 91
564 30 61
565 44 61
566 44 75
567 30 75
568 45 83
569 51 83
570 51 91
571 45 91
572 45 76
573 51 76
574 51 82
575 45 82
576 52 83
577 60 83
578 60 91
579 52 91
580 52 76
581 60 76
582 60 82
583 52 82
584 45 68
585 51 68
586 51 75
587 45 75
588 45 61
589 51 61
590 51 67
591 45 67
592 52 68
593 60 68
594 60 75
595 52 75
596 52 61
597 60 61
598 60 67
599 52 67
600 0 0
601 60 0
602 60 60
603 0 60
604 61 115
605 67 115
606 67 123
607 61 123
608 61 107
609 67 107
610 67 114
611 61 114
612 68 115
613 75 115
614 75 123
615 68 123
616 68 107
617 75 107
618 75 114
619 68 114
620 61 92
621 75 92
622 75 106
623 61 106
624 76 115
625 82 115
626 82 123
627 76 123
628 76 107
629 82 107
630 82 114
631 76 114
632 83 115
633 91 115
634 91 123
635 83 123
636 83 107
637 91 107
638 91 114
639 83 114
640 76 92
641 91 92
642 91 106
643 76 106
644 61 76
645 75 76
646 75 91
647 61 91
648 61 68
649 67 68
650 67 75
651 61 75
652 61 61
653 67 61
654 67 67
655 61 67
656 68 68
657 75 68
658 75 75
659 68 75
660 68 61
661 75 61
662 75 67
663 68 67
664 76 76
665 91 76
666 91 91
667 76 91
668 76 61
669 91 61
670 91 75
671 76 75
672 92 107
673 106 107
674 106 123
675 92 123
676 92 92
677 106 92
678 106 106
679 92 106
680 107 115
681 114 115
682 114 123
683 107 123
684 107 107
685 114 107
686 114 114
687 107 114
688 115 115
689 123 115
690 123 123
691 115 123
692 115 107
693 123 107
694 123 114
695 115 114
696 107 92
697 123 92
698 123 106
699 107 106
700 92 61
701 123 61
702 123 91
703 92 91
704 61 52
705 67 52
706 67 60
707 61 60
708 61 45
709 67 45
710 67 51
711 61 51
712 68 52
713 75 52
714 75 60
715 68 60
716 68 45
717 75 45
718 75 51
719 68 51
720 61 30
721 75 30
722 75 44
723 61 44
724 76 52
725 82 52
726 82 60
727 76 60
728 76 45
729 82 45
730 82 51
731 76 51
732 83 52
733 91 52
734 91 60
735 83 60
736 83 45
737 91 45
738 91 51
739 83 51
740 76 30
741 91 30
742 91 44
743 76 44
744 61 0
745 91 0
746 91 29
747 61 29
748 92 52
749 98 52
750 98 60
751 92 60
752 92 45
753 98 45
754 98 51
755 92 51
756 99 52
757 106 52
758 106 60
759 99 60
760 99 45
761 106 45
762 106 51
763 99 51
764 92 30
765 106 30
766 106 44
767 92 44
768 107 52
769 114 52
770 114 60
771 107 60
772 107 45
773 114 45
774 114 51
775 107 51
776 115 52
777 123 52
778 123 60
779 115 60
780 115 45
781 123 45
782 123 51
783 115 51
784 107 30
785 123 30
786 123 44
787 107 44
788 92 0
789 123 0
790 123 29
791 92 29
792 124 124
793 248 124
794 248 248
795 124 248
796 124 115
797 129 115
798 129 123
799 124 123
800 124 107
801 129 107
802 129 114
803 124 114
804 130 115
805 137 115
806 137 123
807 130 123
808 130 107
809 137 107
810 137 114
811 130 114
812 124 92
813 137 92
814 137 106
815 124 106
816 138 115
817 144 115
818 144 123
819 138 123
820 138 107
821 144 107
822 144 114
823 138 114
824 145 115
825 153 115
826 153 123
827 145 123
828 145 107
829 153 107
830 153 114
831 145 114
832 138 99
833 144 99
834 144 106
835 138 106
836 138 92
837 144 92
838 144 98
839 138 98
840 145 99
841 153 99
842 153 106
843 145 106
844 145 92
845 153 92
846 153 98
847 145 98
848 124 76
849 137 76
850 137 91
851 124 91
852 124 61
853 137 61
854 137 75
855 124 75
856 138 76
857 153 76
858 153 91
859 138 91
860 138 68
861 144 68
862 144 75
863 138 75
864 138 61
865 144 61
866 144 67
867 138 67
868 145 68
869 153 68
870 153 75
871 145 75
872 145 61
873 153 61
874 153 67
875 145 67
876 154 107
877 168 107
878 168 123
879 154 123
880 154 99
881 160 99
882 160 106
883 154 106
884 154 92
885 160 92
886 160 98
887 154 98
888 161 99
889 168 99
890 168 106
891 161 106
892 161 92
893 168 92
894 168 98
895 161 98
896 169 107
897 185 107
898 185 123
899 169 123
900 169 92
901 185 92
902 185 106
903 169 106
904 154 83
905 160 83
906 160 91
907 154 91
908 154 76
909 160 76
910 160 82
911 154 82
912 161 83
913 168 83
914 168 91
915 161 91
916 161 76
917 168 76
918 168 82
919 161 82
920 154 68
921 160 68
922 160 75
923 154 75
924 154 61
925 160 61
926 160 67
927 154 67
928 161 68
929 168 68
930 168 75
931 161 75
932 161 61
933 168 61
934 168 67
935 161 67
936 169 76
937 185 76
938 185 91
939 169 91
940 169 61
941 185 61
942 185 75
943 169 75
944 124 52
945 129 52
946 129 60
947 124 60
948 124 45
949 129 45
950 129 51
951 124 51
952 130 52
953 137 52
954 137 60
955 130 60
956 130 45
957 137 45
958 137 51
959 130 51
960 124 30
961 137 30
962 137 44
963 124 44
964 138 52
965 144 52
966 144 60
967 138 60
968 138 45
969 144 45
970 144 51
971 138 51
972 145 52
973 153 52
974 153 60
975 145 60
976 145 45
977 153 45
978 153 51
979 145 51
980 138 30
981 153 30
982 153 44
983 138 44
984 124 0
985 153 0
986 153 29
987 124 29
988 154 30
989 185 30
990 185 60
991 154 60
992 154 0
993 185 0
994 185 29
995 154 29
996 186 61
997 248 61
998 248 123
999 186 123
1000 186 0
1001 248 0
1002 248 60
1003 186 60
1004 249 374
1005 373 374
1006 373 499
1007 249 499
1008 249 342
1009 278 342
1010 278 373
1011 249 373
1012 249 333
1013 254 333
1014 254 341
1015 249 341
1016 249 326
1017 254 326
1018 254 332
1019 249 332
1020 255 333
1021 262 333
1022 262 341
1023 255 341
1024 255 326
1025 262 326
1026 262 332
1027 255 332
1028 249 318
1029 254 318
1030 254 325
1031 249 325
1032 249 311
1033 254 311
1034 254 317
1035 249 317
1036 255 318
1037 262 318
1038 262 325
1039 255 325
1040 255 311
1041 262 311
1042 262 317
1043 255 317
1044 263 326
1045 278 326
1046 278 341
1047 263 341
1048 263 318
1049 269 318
1050 269 325
1051 263 325
1052 263 311
1053 269 311
1054 269 317
1055 263 317
1056 270 318
1057 278 318
1058 278 325
1059 270 325
1060 270 311
1061 278 311
1062 278 317
1063 270 317
1064 279 342
1065 310 342
1066 310 373
1067 279 373
1068 279 311
1069 310 311
1070 310 341
1071 279 341
1072 249 294
1073 262 294
1074 262 310
1075 249 310
1076 249 286
1077 254 286
1078 254 293
1079 249 293
1080 249 279
1081 254 279
1082 254 285
1083 249 285
1084 255 286
1085 262 286
1086 262 293
1087 255 293
1088 255 279
1089 262 279
1090 262 285
1091 255 285
1092 263 302
1093 269 302
1094 269 310
1095 263 310
1096 263 294
1097 269 294
1098 269 301
1099 263 301
1100 270 302
1101 278 302
1102 278 310
1103 270 310
1104 270 294
1105 278 294
1106 278 301
1107 270 301
1108 263 286
1109 269 286
1110 269 293
1111 263 293
1112 263 279
1113 269 279
1114 269 285
1115 263 285
1116 270 286
1117 278 286
1118 278 293
1119 270 293
1120 270 279
1121 278 279
1122 278 285
1123 270 285
1124 249 270
1125 254 270
1126 254 278
1127 249 278
1128 249 263
1129 254 263
1130 254 269
1131 249 269
1132 255 270
1133 262 270
1134 262 278
1135 255 278
1136 255 263
1137 262 263
1138 262 269
1139 255 269
1140 249 249
1141 262 249
1142 262 262
1143 249 262
1144 263 263
1145 278 263
1146 278 278
1147 263 278
1148 263 249
1149 278 249
1150 278 262
1151 263 262
1152 279 279
1153 310 279
1154 310 310
1155 279 310
1156 279 249
1157 310 249
1158 310 278
1159 279 278
1160 311 311
1161 373 311
1162 373 373
1163 311 373
1164 311 249
1165 373 249
1166 373 310
1167 311 310
1168 374 374
1169 499 374
1170 499 499
1171 374 499
1172 374 249
1173 499 249
1174 499 373
1175 374 373
1176 249 186
1177 310 186
1178 310 248
1179 249 248
1180 249 124
1181 310 124
1182 310 185
1183 249 185
1184 311 186
1185 373 186
1186 373 248
1187 311 248
1188 311 154
1189 341 154
1190 341 185
1191 311 185
1192 311 124
1193 341 124
1194 341 153
1195 311 153
1196 342 154
1197 373 154
1198 373 185
1199 342 185
1200 342 138
1201 356 138
1202 356 153
1203 342 153
1204 342 130
1205 348 130
1206 348 137
1207 342 137
1208 342 124
1209 348 124
1210 348 129
1211 342 129
1212 349 130
1213 356 130
1214 356 137
1215 349 137
1216 349 124
1217 356 124
1218 356 129
1219 349 129
1220 357 145
1221 364 145
1222 364 153
1223 357 153
1224 357 138
1225 364 138
1226 364 144
1227 357 144
1228 365 145
1229 373 145
1230 373 153
1231 365 153
1232 365 138
1233 373 138
1234 373 144
1235 365 144
1236 357 130
1237 364 130
1238 364 137
1239 357 137
1240 357 124
1241 364 124
1242 364 129
1243 357 129
1244 365 130
1245 373 130
1246 373 137
1247 365 137
1248 365 124
1249 373 124
1250 373 129
1251 365 129
1252 249 61
1253 310 61
1254 310 123
1255 249 123
1256 249 0
1257 310 0
1258 310 60
1259 249 60
1260 311 92
1261 341 92
1262 341 123
1263 311 123
1264 311 61
1265 341 61
1266 341 91
1267 311 91
1268 342 115
1269 348 115
1270 348 123
1271 342 123
1272 342 107
1273 348 107
1274 348 114
1275 342 114
1276 349 115
1277 356 115
1278 356 123
1279 349 123
1280 349 107
1281 356 107
1282 356 114
1283 349 114
1284 342 99
1285 348 99
1286 348 106
1287 342 106
1288 342 92
1289 348 92
1290 348 98
1291 342 98
1292 349 99
1293 356 99
1294 356 106
1295 349 106
1296 349 92
1297 356 92
1298 356 98
1299 349 98
1300 357 107
1301 373 107
1302 373 123
1303 357 123
1304 357 92
1305 373 92
1306 373 106
1307 357 106
1308 342 83
1309 348 83
1310 348 91
1311 342 91
1312 342 76
1313 348 76
1314 348 82
1315 342 82
1316 349 83
1317 356 83
1318 356 91
1319 349 91
1320 349 76
1321 356 76
1322 356 82
1323 349 82
1324 342 68
1325 348 68
1326 348 75
1327 342 75
1328 342 61
1329 348 61
1330 348 67
1331 342 67
1332 349 68
1333 356 68
1334 356 75
1335 349 75
1336 349 61
1337 356 61
1338 356 67
1339 349 67
1340 357 76
1341 373 76
1342 373 91
1343 357 91
1344 357 68
1345 364 68
1346 364 75
1347 357 75
1348 357 61
1349 364 61
1350 364 67
1351 357 67
1352 365 68
1353 373 68
1354 373 75
1355 365 75
1356 365 61
1357 373 61
1358 373 67
1359 365 67
1360 311 0
1361 373 0
1362 373 60
1363 311 60
1364 374 186
1365 435 186
1366 435 248
1367 374 248
1368 374 154
1369 403 154
1370 403 185
1371 374 185
1372 374 145
1373 379 145
1374 379 153
1375 374 153
1376 374 138
1377 379 138
1378 379 144
1379 374 144
1380 380 145
1381 387 145
1382 387 153
1383 380 153
1384 380 138
1385 387 138
1386 387 144
1387 380 144
1388 374 124
1389 387 124
1390 387 137
1391 374 137
1392 388 145
1393 394 145
1394 394 153
1395 388 153
1396 388 138
1397 394 138
1398 394 144
1399 388 144
1400 395 145
1401 403 145
1402 403 153
1403 395 153
1404 395 138
1405 403 138
1406 403 144
1407 395 144
1408 388 124
1409 403 124
1410 403 137
1411 388 137
1412 404 154
1413 435 154
1414 435 185
1415 404 185
1416 404 145
1417 410 145
1418 410 153
1419 404 153
1420 404 138
1421 410 138
1422 410 144
1423 404 144
1424 411 145
1425 418 145
1426 418 153
1427 411 153
1428 411 138
1429 418 138
1430 418 144
1431 411 144
1432 404 124
1433 418 124
1434 418 137
1435 404 137
1436 419 145
1437 426 145
1438 426 153
1439 419 153
1440 419 138
1441 426 138
1442 426 144
1443 419 144
1444 427 145
1445 435 145
1446 435 153
1447 427 153
1448 427 138
1449 435 138
1450 435 144
1451 427 144
1452 419 124
1453 435 124
1454 435 137
1455 419 137
1456 436 186
1457 499 186
1458 499 248
1459 436 248
1460 436 154
1461 466 154
1462 466 185
1463 436 185
1464 436 145
1465 442 145
1466 442 153
1467 436 153
1468 436 138
1469 442 138
1470 442 144
1471 436 144
1472 443 145
1473 450 145
1474 450 153
1475 443 153
1476 443 138
1477 450 138
1478 450 144
1479 443 144
1480 436 130
1481 442 130
1482 442 137
1483 436 137
1484 436 124
1485 442 124
1486 442 129
1487 436 129
1488 443 130
1489 450 130
1490 450 137
1491 443 137
1492 443 124
1493 450 124
1494 450 129
1495 443 129
1496 451 138
1497 466 138
1498 466 153
1499 451 153
1500 451 130
1501 457 130
1502 457 137
1503 451 137
1504 451 124
1505 457 124
1506 457 129
1507 451 129
1508 458 130
1509 466 130
1510 466 137
1511 458 137
1512 458 124
1513 466 124
1514 466 129
1515 458 129
1516 467 154
1517 499 154
1518 499 185
1519 467 185
1520 467 124
1521 499 124
1522 499 153
1523 467 153
1524 374 92
1525 403 92
1526 403 123
1527 374 123
1528 374 76
1529 387 76
1530 387 91
1531 374 91
1532 374 68
1533 379 68
1534 379 75
1535 374 75
1536 374 61
1537 379 61
1538 379 67
1539 374 67
1540 380 68
1541 387 68
1542 387 75
1543 380 75
1544 380 61
1545 387 61
1546 387 67
1547 380 67
1548 388 76
1549 403 76
1550 403 91
1551 388 91
1552 388 61
1553 403 61
1554 403 75
1555 388 75
1556 404 92
1557 435 92
1558 435 123
1559 404 123
1560 404 76
1561 418 76
1562 418 91
1563 404 91
1564 404 61
1565 418 61
1566 418 75
1567 404 75
1568 419 76
1569 435 76
1570 435 91
1571 419 91
1572 419 68
1573 426 68
1574 426 75
1575 419 75
1576 419 61
1577 426 61
1578 426 67
1579 419 67
1580 427 68
1581 435 68
1582 435 75
1583 427 75
1584 427 61
1585 435 61
1586 435 67
1587 427 67
1588 374 52
1589 379 52
1590 379 60
1591 374 60
1592 374 45
1593 379 45
1594 379 51
1595 374 51
1596 380 52
1597 387 52
1598 387 60
1599 380 60
1600 380 45
1601 387 45
1602 387 51
1603 380 51
1604 374 30
1605 387 30
1606 387 44
1607 374 44
1608 388 52
1609 394 52
1610 394 60
1611 388 60
1612 388 45
1613 394 45
1614 394 51
1615 388 51
1616 395 52
1617 403 52
1618 403 60
1619 395 60
1620 395 45
1621 403 45
1622 403 51
1623 395 51
1624 388 30
1625 403 30
1626 403 44
1627 388 44
1628 374 0
1629 403 0
1630 403 29
1631 374 29
1632 404 52
1633 410 52
1634 410 60
1635 404 60
1636 404 45
1637 410 45
1638 410 51
1639 404 51
1640 411 52
1641 418 52
1642 418 60
1643 411 60
1644 411 45
1645 418 45
1646 418 51
1647 411 51
1648 404 30
1649 418 30
1650 418 44
1651 404 44
1652 419 52
1653 426 52
1654 426 60
1655 419 60
1656 419 45
1657 426 45
1658 426 51
1659 419 51
1660 427 52
1661 435 52
1662 435 60
1663 427 60
1664 427 45
1665 435 45
1666 435 51
1667 427 51
1668 419 30
1669 435 30
1670 435 44
1671 419 44
1672 404 0
1673 435 0
1674 435 29
1675 404 29
1676 436 107
1677 450 107
1678 450 123
1679 436 123
1680 436 92
1681 450 92
1682 450 106
1683 436 106
1684 451 115
1685 457 115
1686 457 123
1687 451 123
1688 451 107
1689 457 107
1690 457 114
1691 451 114
1692 458 115
1693 466 115
1694 466 123
1695 458 123
1696 458 107
1697 466 107
1698 466 114
1699 458 114
1700 451 99
1701 457 99
1702 457 106
1703 451 106
1704 451 92
1705 457 92
1706 457 98
1707 451 98
1708 458 99
1709 466 99
1710 466 106
1711 458 106
1712 458 92
1713 466 92
1714 466 98
1715 458 98
1716 436 76
1717 450 76
1718 450 91
1719 436 91
1720 436 68
1721 442 68
1722 442 75
1723 436 75
1724 436 61
1725 442 61
1726 442 67
1727 436 67
1728 443 68
1729 450 68
1730 450 75
1731 443 75
1732 443 61
1733 450 61
1734 450 67
1735 443 67
1736 451 83
1737 457 83
1738 457 91
1739 451 91
1740 451 76
1741 457 76
1742 457 82
1743 451 82
1744 458 83
1745 466 83
1746 466 91
1747 458 91
1748 458 76
1749 466 76
1750 466 82
1751 458 82
1752 451 68
1753 457 68
1754 457 75
1755 451 75
1756 451 61
1757 457 61
1758 457 67
1759 451 67
1760 458 68
1761 466 68
1762 466 75
1763 458 75
1764 458 61
1765 466 61
1766 466 67
1767 458 67
1768 467 92
1769 499 92
1770 499 123
1771 467 123
1772 467 61
1773 499 61
1774 499 91
1775 467 91
1776 436 0
1777 499 0
1778 499 60
1779 436 60
elements
0 1409 1526 1559 
1 450 456 459 
2 673 678 699 
3 1393 1400 1407 
4 997 998 1255 
5 1005 1168 1175 
6 1492 1493 1678 
7 1005 1168 1171 
8 1197 1230 1231 
9 581 582 583 
10 657 658 659 
11 1014 1020 1023 
12 25 26 27 
13 670 700 750 
14 564 567 584 
15 1072 1075 1078 
16 1413 1446 1447 
17 1624 1629 1630 
18 117 122 123 
19 662 668 726 
20 385 386 399 
21 1461 1516 1523 
22 25 26 32 
23 881 882 883 
24 1557 1680 1683 
25 1007 1066 1163 
26 702 848 851 
27 89 90 91 
28 281 282 299 
29 657 658 671 
30 957 958 959 
31 881 882 891 
32 1549 1560 1567 
33 1450 1468 1471 
34 932 973 978 
35 1461 1516 1519 
36 1549 1560 1563 
37 458 1140 1141 
38 1697 1769 1770 
39 685 686 687 
40 825 826 879 
41 1461 1498 1523 
42 721 722 740 
43 957 958 968 
44 1245 1246 1391 
45 536 539 544 
46 1065 1162 1163 
47 1184 1187 1190 
48 1609 1614 1623 
49 588 708 723 
50 1740 1742 1743 
51 269 292 299 
52 269 292 295 
53 1721 1728 1731 
54 1721 1728 1735 
55 1126 1132 1135 
56 841 846 887 
57 1254 1260 1263 
58 709 720 723 
59 100 102 103 
60 161 182 199 
61 1372 1374 1375 
62 1494 1504 1507 
63 487 490 499 
64 1200 1203 1206 
65 186 200 203 
66 445 450 459 
67 1449 1454 1483 
68 1348 1592 1607 
69 445 450 451 
70 1621 1636 1651 
71 49 54 108 
72 1654 1660 1663 
73 1638 1644 1647 
74 633 680 687 
75 9 314 315 
76 44 46 47 
77 400 402 403 
78 405 438 439 
79 1158 1164 1165 
80 6 7 12 
81 28 42 43 
82 193 194 231 
83 517 522 807 
84 1389 1408 1411 
85 7 16 23 
86 750 756 759 
87 493 494 500 
88 1581 1586 1727 
89 1289 1290 1296 
90 1689 1690 1699 
91 17 28 43 
92 1749 1762 1773 
93 7 16 19 
94 489 494 503 
95 597 598 652 
96 693 698 815 
97 1052 1054 1055 
98 1689 1690 1691 
99 237 244 469 
100 17 28 31 
101 1696 1710 1711 
102 830 882 891 
103 124 131 471 
104 1473 1478 1479 
105 121 122 123 
106 293 306 307 
107 361 362 407 
108 604 605 607 
109 573 580 595 
110 332 333 338 
111 849 854 855 
112 108 109 114 
113 56 62 63 
114 1240 1241 1243 
115 1272 1273 1275 
116 108 109 111 
117 800 801 815 
118 61 62 71 
119 65 98 107 
120 1160 1161 1167 
121 213 218 227 
122 330 1014 1023 
123 1005 1006 1163 
124 1477 1490 1503 
125 304 305 311 
126 849 854 863 
127 421 422 423 
128 1384 1389 1390 
129 669 670 700 
130 736 741 742 
131 734 748 751 
132 1661 1662 1779 
133 1718 1719 1736 
134 604 605 610 
135 800 801 803 
136 136 137 139 
137 1229 1372 1379 
138 61 62 63 
139 136 137 142 
140 904 905 907 
141 724 730 731 
142 717 722 743 
143 1484 1486 1487 
144 1005 1006 1171 
145 86 92 95 
146 21 134 135 
147 1417 1422 1431 
148 614 624 627 
149 129 130 139 
150 225 226 227 
151 429 430 431 
152 1618 1632 1635 
153 304 305 307 
154 626 632 635 
155 429 430 436 
156 897 898 999 
157 293 306 319 
158 1080 1081 1082 
159 124 130 131 
160 421 422 447 
161 21 134 147 
162 729 730 736 
163 1265 1360 1363 
164 1272 1273 1286 
165 506 507 519 
166 566 584 587 
167 932 933 935 
168 948 949 950 
169 1177 1182 1191 
170 997 1002 1259 
171 397 402 419 
172 164 165 171 
173 349 1012 1019 
174 562 563 568 
175 1385 1390 1411 
176 361 386 411 
177 780 785 786 
178 1049 1050 1059 
179 200 201 202 
180 660 661 663 
181 164 165 179 
182 253 254 255 
183 654 660 663 
184 129 130 131 
185 948 950 951 
186 1049 1050 1051 
187 414 423 428 
188 409 432 435 
189 589 590 596 
190 948 949 963 
191 190 212 215 
192 1633 1638 1647 
193 976 977 979 
194 1620 1624 1625 
195 1096 1097 1099 
196 872 873 875 
197 866 872 875 
198 904 905 910 
199 1241 1248 1277 
200 1129 1130 1136 
201 985 986 995 
202 676 677 679 
203 1352 1353 1355 
204 1352 1353 1358 
205 376 377 383 
206 1201 1215 1227 
207 200 201 214 
208 225 226 236 
209 825 826 827 
210 685 686 695 
211 976 977 982 
212 281 282 283 
213 844 845 858 
214 409 432 447 
215 657 662 735 
216 37 38 39 
217 1500 1506 1507 
218 68 69 71 
219 500 501 503 
220 553 554 555 
221 1682 1700 1703 
222 1073 1096 1099 
223 632 633 638 
224 669 670 735 
225 632 633 635 
226 964 970 971 
227 1512 1513 1514 
228 253 254 263 
229 385 398 399 
230 844 845 847 
231 1209 1210 1216 
232 1724 1726 1727 
233 1415 1418 1427 
234 289 362 363 
235 332 333 347 
236 68 69 75 
237 692 697 698 
238 1516 1518 1519 
239 564 565 723 
240 816 817 822 
241 960 961 987 
242 1101 1154 1155 
243 1137 1144 1151 
244 1692 1698 1699 
245 1470 1476 1479 
246 1660 1666 1667 
247 816 817 819 
248 572 573 574 
249 1224 1225 1227 
250 1112 1113 1114 
251 109 116 123 
252 1465 1470 1479 
253 113 120 145 
254 596 597 599 
255 558 620 621 
256 641 676 703 
257 112 113 195 
258 572 573 586 
259 1576 1577 1579 
260 97 98 104 
261 997 1252 1255 
262 1202 1220 1223 
263 997 1252 1259 
264 440 441 454 
265 805 816 823 
266 1293 1294 1307 
267 1537 1544 1599 
268 69 80 83 
269 1254 1255 1260 
270 1529 1530 1551 
271 69 80 87 
272 958 968 971 
273 366 367 379 
274 1693 1694 1771 
275 905 912 919 
276 348 349 354 
277 440 441 443 
278 1505 1512 1695 
279 926 932 935 
280 1688 1689 1691 
281 348 349 351 
282 538 544 547 
283 1340 1346 1347 
284 736 737 742 
285 1085 1086 1111 
286 356 357 1035 
287 1529 1530 1543 
288 642 676 679 
289 782 948 951 
290 1454 1480 1483 
291 1572 1634 1643 
292 1581 1582 1723 
293 809 810 823 
294 394 400 403 
295 1320 1321 1335 
296 1665 1733 1756 
297 52 133 159 
298 825 878 891 
299 736 737 739 
300 1464 1465 1470 
301 500 674 680 
302 1756 1758 1759 
303 1081 1088 1135 
304 1264 1312 1327 
305 52 145 146 
306 1464 1465 1467 
307 1224 1225 1239 
308 589 596 704 
309 868 869 874 
310 992 994 995 
311 1150 1156 1157 
312 868 869 871 
313 1064 1065 1071 
314 225 236 469 
315 1310 1316 1319 
316 261 272 279 
317 1720 1721 1723 
318 261 272 275 
319 1720 1721 1726 
320 825 878 879 
321 5 470 471 
322 162 192 198 
323 957 962 983 
324 1074 1092 1095 
325 871 904 911 
326 52 145 159 
327 356 406 1072 
328 1064 1065 1067 
329 1065 1070 1071 
330 1624 1625 1630 
331 809 810 811 
332 1612 1614 1615 
333 1320 1321 1323 
334 209 210 228 
335 228 234 235 
336 688 694 695 
337 1007 1010 1067 
338 1625 1630 1675 
339 1128 1129 1130 
340 649 656 659 
341 1393 1394 1395 
342 1422 1428 1431 
343 315 318 327 
344 1365 1456 1463 
345 1478 1502 1511 
346 488 491 626 
347 798 804 807 
348 1128 1129 1143 
349 385 398 415 
350 468 471 474 
351 1016 1017 1030 
352 1073 1087 1099 
353 506 818 827 
354 569 576 583 
355 404 407 410 
356 1633 1640 1647 
357 649 656 663 
358 23 126 135 
359 276 278 279 
360 392 394 395 
361 412 418 419 
362 453 1129 1136 
363 209 222 223 
364 765 784 788 
365 1430 1440 1443 
366 1306 1524 1530 
367 1560 1561 1563 
368 477 492 495 
369 889 901 902 
370 1260 1284 1287 
371 1297 1304 1343 
372 1094 1100 1103 
373 1197 1198 1231 
374 453 1129 1143 
375 10 294 315 
376 1281 1282 1283 
377 209 222 235 
378 873 924 991 
379 1260 1284 1291 
380 1686 1692 1695 
381 1348 1349 1592 
382 1016 1017 1018 
383 385 386 411 
384 1560 1561 1566 
385 1437 1438 1439 
386 1153 1158 1165 
387 588 708 711 
388 1262 1268 1271 
389 73 74 75 
390 124 126 127 
391 482 878 899 
392 469 470 795 
393 1153 1158 1159 
394 296 302 303 
395 1045 1069 1070 
396 1437 1438 1444 
397 796 798 799 
398 1414 1415 1439 
399 73 74 84 
400 1136 1141 1142 
401 1553 1554 1564 
402 1561 1568 1575 
403 825 830 891 
404 1561 1568 1571 
405 272 278 279 
406 1112 1113 1147 
407 1761 1766 1773 
408 709 716 720 
409 1569 1582 1723 
410 117 264 265 
411 1736 1737 1742 
412 21 44 47 
413 797 804 811 
414 197 204 211 
415 537 562 571 
416 1100 1106 1107 
417 1253 1264 1267 
418 1737 1742 1751 
419 1477 1490 1491 
420 1736 1737 1739 
421 1585 1724 1779 
422 198 204 207 
423 1365 1456 1459 
424 137 138 144 
425 1001 1002 1259 
426 745 746 791 
427 1345 1346 1347 
428 1736 1742 1743 
429 501 674 683 
430 202 208 211 
431 1485 1492 1684 
432 905 906 912 
433 1613 1614 1620 
434 1369 1370 1403 
435 1313 1314 1320 
436 1268 1274 1275 
437 1306 1530 1551 
438 137 138 139 
439 89 94 259 
440 1204 1210 1211 
441 357 406 1075 
442 406 1072 1075 
443 877 878 891 
444 381 392 1176 
445 1501 1502 1511 
446 877 878 899 
447 1297 1298 1299 
448 1060 1061 1102 
449 1233 1234 1235 
450 905 906 907 
451 1369 1370 1415 
452 1725 1726 1732 
453 661 662 668 
454 205 210 234 
455 874 924 927 
456 1425 1426 1427 
457 124 127 471 
458 620 646 647 
459 661 662 663 
460 1745 1746 1775 
461 1564 1567 1634 
462 865 872 975 
463 540 543 546 
464 1197 1230 1375 
465 329 1008 1015 
466 1264 1267 1312 
467 1025 1026 1027 
468 93 256 291 
469 652 706 707 
470 85 86 87 
471 752 754 755 
472 1069 1160 1167 
473 941 942 996 
474 1080 1081 1126 
475 1277 1278 1279 
476 1748 1762 1763 
477 913 938 939 
478 1588 1594 1595 
479 889 890 903 
480 1405 1406 1407 
481 1421 1422 1428 
482 45 52 133 
483 121 122 288 
484 1192 1193 1204 
485 1398 1404 1407 
486 921 928 935 
487 1393 1398 1407 
488 1085 1108 1115 
489 921 928 931 
490 996 997 1003 
491 1085 1108 1111 
492 193 194 363 
493 1528 1534 1535 
494 1187 1190 1199 
495 1325 1326 1335 
496 416 418 419 
497 729 736 740 
498 1425 1426 1436 
499 1734 1756 1759 
500 1685 1692 1699 
501 1025 1026 1044 
502 1373 1374 1380 
503 1122 1152 1153 
504 1121 1122 1123 
505 1668 1673 1674 
506 201 214 223 
507 660 661 715 
508 1076 1082 1083 
509 28 30 31 
510 484 487 490 
511 193 230 367 
512 1285 1292 1295 
513 1441 1442 1448 
514 1108 1109 1111 
515 1716 1722 1723 
516 1108 1109 1114 
517 1405 1406 1420 
518 1441 1442 1443 
519 205 234 243 
520 773 784 787 
521 1285 1292 1299 
522 1501 1502 1503 
523 1597 1598 1599 
524 717 718 728 
525 1693 1698 1770 
526 1172 1366 1367 
527 361 362 387 
528 114 120 123 
529 525 530 531 
530 1325 1326 1327 
531 392 393 1176 
532 1345 1346 1355 
533 210 228 234 
534 292 298 299 
535 417 418 424 
536 1096 1097 1110 
537 1745 1746 1747 
538 789 984 987 
539 1121 1122 1152 
540 1165 1172 1367 
541 1669 1670 1764 
542 717 718 719 
543 1101 1102 1103 
544 1261 1266 1311 
545 405 439 1083 
546 613 614 624 
547 824 825 827 
548 280 281 283 
549 1684 1690 1691 
550 280 281 286 
551 949 950 956 
552 461 466 475 
553 1028 1029 1034 
554 1028 1029 1031 
555 476 479 606 
556 913 914 915 
557 64 98 99 
558 956 961 962 
559 1217 1218 1240 
560 961 980 984 
561 524 525 531 
562 597 598 599 
563 209 210 211 
564 557 578 647 
565 1117 1118 1119 
566 824 825 830 
567 553 554 623 
568 524 525 539 
569 1245 1377 1391 
570 1245 1377 1384 
571 386 387 399 
572 944 950 951 
573 133 138 159 
574 24 25 27 
575 201 202 208 
576 581 582 644 
577 853 864 967 
578 1217 1218 1219 
579 756 757 763 
580 581 644 651 
581 1137 1138 1144 
582 290 332 335 
583 173 174 175 
584 1077 1084 1087 
585 24 25 30 
586 1009 1064 1067 
587 184 185 190 
588 613 614 615 
589 1108 1114 1115 
590 674 680 683 
591 168 169 795 
592 461 466 467 
593 1137 1138 1139 
594 841 880 883 
595 173 174 180 
596 1009 1064 1071 
597 841 880 887 
598 85 86 92 
599 771 848 855 
600 205 210 211 
601 813 850 859 
602 1045 1070 1071 
603 184 185 187 
604 314 315 327 
605 1680 1718 1719 
606 665 670 671 
607 1293 1298 1305 
608 216 217 469 
609 1485 1486 1492 
610 652 653 706 
611 728 729 730 
612 1101 1102 1155 
613 1565 1579 1643 
614 541 608 611 
615 1316 1317 1319 
616 21 47 135 
617 581 594 651 
618 1281 1282 1300 
619 1236 1237 1243 
620 1748 1749 1751 
621 25 32 39 
622 184 188 219 
623 1236 1237 1239 
624 1336 1337 1339 
625 1145 1157 1158 
626 1213 1214 1239 
627 15 18 56 
628 1316 1317 1323 
629 728 729 743 
630 1077 1084 1091 
631 728 730 731 
632 925 932 973 
633 1416 1422 1423 
634 297 298 299 
635 541 608 623 
636 1117 1118 1153 
637 756 757 759 
638 1748 1749 1762 
639 346 352 355 
640 892 893 915 
641 1192 1193 1263 
642 845 858 907 
643 1408 1526 1551 
644 478 484 487 
645 913 914 939 
646 424 425 1176 
647 428 429 435 
648 706 712 715 
649 428 429 431 
650 888 889 895 
651 1256 1257 1259 
652 1553 1564 1635 
653 764 765 791 
654 720 721 747 
655 1213 1214 1215 
656 1432 1433 1559 
657 1581 1582 1583 
658 244 245 246 
659 1585 1662 1779 
660 364 370 371 
661 888 889 891 
662 1462 1463 1499 
663 873 874 924 
664 568 569 571 
665 437 438 1124 
666 1656 1657 1659 
667 1012 1013 1018 
668 10 294 295 
669 1012 1013 1014 
670 1760 1766 1767 
671 568 569 574 
672 820 821 823 
673 1680 1683 1700 
674 1269 1276 1283 
675 1213 1218 1219 
676 101 102 108 
677 272 273 275 
678 1032 1033 1075 
679 785 960 987 
680 1513 1694 1771 
681 229 230 367 
682 1124 1125 1126 
683 272 273 278 
684 1745 1774 1775 
685 53 112 195 
686 696 697 702 
687 820 821 834 
688 1588 1590 1591 
689 1636 1637 1638 
690 1124 1125 1130 
691 468 474 475 
692 108 113 114 
693 472 479 535 
694 376 377 379 
695 92 93 95 
696 1253 1264 1363 
697 1257 1360 1363 
698 638 673 687 
699 1065 1070 1161 
700 1704 1706 1707 
701 838 844 847 
702 1381 1392 1399 
703 1656 1657 1671 
704 856 862 863 
705 889 890 891 
706 1213 1218 1243 
707 1768 1769 1775 
708 1328 1329 1604 
709 624 625 630 
710 605 612 619 
711 1182 1188 1191 
712 1597 1598 1608 
713 701 852 947 
714 624 625 627 
715 40 46 47 
716 1321 1334 1347 
717 588 589 711 
718 541 555 611 
719 233 234 243 
720 53 54 112 
721 140 141 155 
722 1697 1710 1769 
723 436 437 442 
724 1512 1513 1694 
725 956 957 959 
726 457 1140 1179 
727 1557 1570 1719 
728 133 138 139 
729 1636 1637 1651 
730 1732 1733 1735 
731 363 366 387 
732 1669 1674 1772 
733 1321 1334 1335 
734 1297 1298 1304 
735 952 953 955 
736 1413 1460 1467 
737 140 141 167 
738 657 662 663 
739 952 953 959 
740 1413 1460 1463 
741 1666 1732 1733 
742 137 142 151 
743 436 437 439 
744 701 779 855 
745 896 897 899 
746 10 270 271 
747 369 370 379 
748 545 552 559 
749 545 552 555 
750 1225 1238 1247 
751 369 370 371 
752 1669 1765 1772 
753 1048 1049 1051 
754 1225 1238 1239 
755 1345 1352 1355 
756 1048 1049 1054 
757 1090 1112 1115 
758 1345 1352 1359 
759 546 555 604 
760 1341 1354 1355 
761 49 101 108 
762 884 906 907 
763 845 846 884 
764 628 629 643 
765 1368 1371 1383 
766 1544 1545 1547 
767 1341 1342 1531 
768 1606 1624 1627 
769 956 957 962 
770 1393 1394 1400 
771 1448 1449 1451 
772 233 234 235 
773 413 420 423 
774 1185 1364 1371 
775 413 420 427 
776 733 748 755 
777 602 704 707 
778 49 101 115 
779 933 940 977 
780 1185 1364 1367 
781 678 696 699 
782 10 270 295 
783 14 15 56 
784 24 30 31 
785 592 598 599 
786 1144 1145 1151 
787 1448 1449 1454 
788 852 946 947 
789 1052 1094 1095 
790 1293 1294 1295 
791 1640 1641 1647 
792 1640 1641 1643 
793 365 366 379 
794 1073 1096 1111 
795 1277 1278 1303 
796 1693 1694 1695 
797 1693 1770 1771 
798 1041 1052 1095 
799 1201 1224 1239 
800 542 604 607 
801 1001 1256 1259 
802 1428 1429 1434 
803 628 629 631 
804 1040 1074 1092 
805 1428 1429 1431 
806 830 876 882 
807 1620 1621 1626 
808 437 1124 1131 
809 1265 1328 1331 
810 1532 1538 1539 
811 689 690 796 
812 1201 1224 1227 
813 1752 1753 1758 
814 1752 1753 1755 
815 1508 1514 1515 
816 1741 1754 1763 
817 1402 1416 1419 
818 1620 1621 1623 
819 297 298 307 
820 218 224 227 
821 345 356 359 
822 117 276 332 
823 361 386 387 
824 477 495 635 
825 1717 1730 1731 
826 1366 1367 1415 
827 1461 1498 1499 
828 11 78 251 
829 1284 1290 1291 
830 525 530 563 
831 1481 1488 1491 
832 1481 1488 1495 
833 358 1028 1031 
834 497 498 499 
835 465 476 607 
836 1537 1538 1544 
837 520 521 690 
838 1282 1300 1301 
839 1085 1086 1087 
840 41 48 51 
841 1357 1358 1536 
842 861 868 871 
843 941 990 1003 
844 1325 1330 1339 
845 1544 1545 1599 
846 861 868 875 
847 41 48 55 
848 189 216 219 
849 1717 1730 1755 
850 1263 1268 1275 
851 1032 1033 1034 
852 1396 1397 1411 
853 1718 1736 1739 
854 229 242 371 
855 1609 1610 1611 
856 917 930 943 
857 1766 1772 1773 
858 342 348 351 
859 1609 1610 1616 
860 1420 1422 1423 
861 341 348 355 
862 853 954 967 
863 292 295 298 
864 884 886 887 
865 1633 1634 1640 
866 661 668 727 
867 1101 1106 1154 
868 1545 1598 1611 
869 653 706 715 
870 673 684 687 
871 917 930 931 
872 596 597 602 
873 793 998 999 
874 253 260 263 
875 360 366 367 
876 730 736 739 
877 1199 1202 1223 
878 1573 1580 1583 
879 253 260 267 
880 853 954 955 
881 1573 1580 1587 
882 1633 1634 1635 
883 673 684 699 
884 162 198 207 
885 1386 1396 1399 
886 233 238 247 
887 786 960 963 
888 1305 1524 1531 
889 1378 1384 1387 
890 410 411 428 
891 980 984 985 
892 494 500 503 
893 1453 1484 1679 
894 517 806 807 
895 1 2 11 
896 396 402 403 
897 1194 1195 1200 
898 481 878 879 
899 1264 1324 1327 
900 548 570 571 
901 937 938 997 
902 372 373 1176 
903 704 710 711 
904 1741 1748 1763 
905 404 410 411 
906 929 941 942 
907 1078 1092 1099 
908 792 798 799 
909 853 867 955 
910 416 417 418 
911 1713 1746 1775 
912 334 340 343 
913 479 484 614 
914 1156 1177 1178 
915 533 538 547 
916 1466 1472 1475 
917 1189 1196 1203 
918 176 178 179 
919 188 189 219 
920 1569 1570 1719 
921 217 218 224 
922 233 238 239 
923 1634 1640 1643 
924 18 24 27 
925 330 1008 1014 
926 1021 1046 1059 
927 1600 1604 1605 
928 1053 1060 1103 
929 405 438 1127 
930 430 431 1079 
931 716 717 719 
932 116 117 123 
933 92 117 118 
934 1457 1458 1519 
935 569 570 576 
936 1580 1581 1583 
937 569 570 571 
938 1501 1508 1511 
939 1580 1581 1586 
940 301 332 340 
941 1501 1508 1515 
942 1478 1496 1502 
943 1381 1386 1387 
944 965 966 972 
945 444 445 447 
946 1364 1367 1370 
947 716 717 722 
948 1429 1434 1455 
949 738 752 755 
950 1263 1272 1275 
951 1415 1426 1439 
952 365 378 391 
953 72 73 75 
954 273 274 275 
955 1453 1558 1679 
956 965 966 967 
957 976 980 981 
958 61 68 71 
959 61 68 75 
960 1381 1386 1399 
961 1017 1030 1039 
962 969 976 980 
963 417 424 1176 
964 444 445 451 
965 1415 1426 1427 
966 833 838 847 
967 69 74 87 
968 484 491 627 
969 273 274 283 
970 92 105 110 
971 365 378 379 
972 836 837 859 
973 472 473 475 
974 864 865 866 
975 472 473 479 
976 1264 1324 1331 
977 69 74 75 
978 536 537 562 
979 637 638 672 
980 693 694 695 
981 1706 1712 1715 
982 1092 1093 1095 
983 1509 1514 1520 
984 13 34 99 
985 1092 1093 1098 
986 29 42 51 
987 301 332 335 
988 561 566 587 
989 772 773 775 
990 480 483 486 
991 365 366 387 
992 1260 1272 1287 
993 513 520 691 
994 760 765 766 
995 861 866 875 
996 501 512 683 
997 1644 1649 1650 
998 536 537 551 
999 836 837 838 
1000 229 364 371 
1001 1677 1682 1703 
1002 1213 1236 1239 
1003 953 958 971 
1004 772 773 787 
1005 873 874 875 
1006 166 167 172 
1007 1372 1373 1378 
1008 525 536 539 
1009 573 574 580 
1010 1372 1373 1374 
1011 384 390 391 
1012 1549 1554 1555 
1013 1517 1522 1523 
1014 1569 1582 1583 
1015 1584 1662 1663 
1016 17 22 23 
1017 45 46 52 
1018 1433 1452 1571 
1019 1213 1236 1243 
1020 229 364 367 
1021 20 23 462 
1022 466 467 472 
1023 1166 1172 1366 
1024 1233 1376 1391 
1025 20 462 471 
1026 9 314 1011 
1027 1301 1408 1551 
1028 981 986 995 
1029 471 474 483 
1030 1208 1210 1211 
1031 125 130 139 
1032 84 85 87 
1033 1572 1579 1643 
1034 726 732 735 
1035 1586 1724 1727 
1036 994 1000 1001 
1037 1412 1415 1418 
1038 545 546 555 
1039 368 369 371 
1040 368 369 374 
1041 17 22 43 
1042 261 262 275 
1043 845 846 847 
1044 1772 1777 1778 
1045 508 509 511 
1046 1329 1336 1604 
1047 808 809 814 
1048 508 509 515 
1049 396 397 399 
1050 808 809 811 
1051 855 946 955 
1052 545 546 547 
1053 502 512 515 
1054 869 870 871 
1055 1353 1358 1539 
1056 1549 1554 1567 
1057 962 980 983 
1058 1221 1226 1227 
1059 672 678 679 
1060 853 864 867 
1061 1605 1628 1631 
1062 1764 1765 1767 
1063 209 228 235 
1064 1248 1250 1251 
1065 1529 1542 1555 
1066 1497 1498 1511 
1067 117 118 291 
1068 517 518 519 
1069 770 776 779 
1070 1301 1306 1307 
1071 10 11 251 
1072 169 188 469 
1073 1349 1592 1595 
1074 1752 1758 1759 
1075 705 712 719 
1076 1497 1498 1523 
1077 525 536 563 
1078 1026 1050 1059 
1079 1397 1408 1411 
1080 117 122 339 
1081 456 457 794 
1082 158 206 231 
1083 1290 1296 1299 
1084 1653 1658 1659 
1085 665 670 771 
1086 1684 1685 1690 
1087 129 140 155 
1088 492 494 495 
1089 1261 1266 1267 
1090 1684 1685 1687 
1091 60 66 67 
1092 1717 1740 1755 
1093 1337 1348 1607 
1094 729 740 743 
1095 1034 1040 1043 
1096 1288 1310 1311 
1097 1292 1293 1299 
1098 1292 1293 1295 
1099 1653 1658 1667 
1100 1506 1512 1515 
1101 129 140 143 
1102 1458 1459 1519 
1103 1529 1542 1543 
1104 1681 1718 1739 
1105 1114 1120 1123 
1106 5 168 171 
1107 1531 1534 1543 
1108 1267 1308 1315 
1109 1328 1330 1331 
1110 1717 1740 1743 
1111 1233 1234 1376 
1112 160 182 183 
1113 801 808 811 
1114 221 226 239 
1115 1426 1436 1439 
1116 1565 1642 1655 
1117 396 397 402 
1118 1145 1158 1159 
1119 629 636 640 
1120 324 325 330 
1121 1297 1318 1343 
1122 1617 1632 1639 
1123 770 779 855 
1124 479 534 543 
1125 1288 1290 1291 
1126 125 126 132 
1127 629 636 639 
1128 64 66 67 
1129 229 230 243 
1130 481 826 879 
1131 313 1010 1047 
1132 1085 1090 1091 
1133 1509 1510 1521 
1134 57 76 83 
1135 749 750 751 
1136 1285 1290 1299 
1137 57 76 79 
1138 177 188 191 
1139 479 534 535 
1140 661 714 727 
1141 1188 1189 1195 
1142 1644 1645 1650 
1143 1188 1189 1191 
1144 844 871 904 
1145 1644 1645 1647 
1146 164 167 172 
1147 801 808 839 
1148 1157 1164 1187 
1149 1309 1310 1311 
1150 1509 1510 1511 
1151 1133 1138 1145 
1152 313 1010 1011 
1153 126 132 135 
1154 1309 1310 1316 
1155 453 454 455 
1156 749 750 756 
1157 1571 1574 1583 
1158 1132 1133 1139 
1159 1132 1133 1135 
1160 1356 1357 1362 
1161 877 896 899 
1162 1133 1138 1139 
1163 465 542 607 
1164 1297 1318 1319 
1165 1565 1642 1643 
1166 972 978 979 
1167 77 90 255 
1168 401 402 416 
1169 413 418 427 
1170 1080 1126 1127 
1171 1332 1333 1335 
1172 208 209 211 
1173 324 325 327 
1174 1356 1357 1359 
1175 1332 1333 1339 
1176 32 33 38 
1177 813 850 851 
1178 32 33 35 
1179 1149 1156 1176 
1180 1084 1085 1091 
1181 1185 1198 1199 
1182 1077 1082 1091 
1183 1516 1517 1518 
1184 357 1032 1075 
1185 1189 1196 1199 
1186 757 758 768 
1187 1670 1757 1764 
1188 208 209 223 
1189 1221 1226 1235 
1190 1493 1504 1687 
1191 1330 1336 1339 
1192 181 182 196 
1193 1597 1608 1615 
1194 928 929 931 
1195 1173 1458 1459 
1196 1112 1114 1115 
1197 81 86 87 
1198 928 929 935 
1199 1516 1517 1523 
1200 757 758 759 
1201 741 746 791 
1202 652 653 654 
1203 252 258 259 
1204 1084 1085 1087 
1205 181 182 183 
1206 1300 1301 1307 
1207 261 262 263 
1208 777 778 944 
1209 132 133 135 
1210 1632 1638 1639 
1211 132 133 139 
1212 149 150 159 
1213 593 594 651 
1214 1376 1378 1379 
1215 1215 1220 1227 
1216 149 150 151 
1217 78 79 91 
1218 921 922 931 
1219 1317 1342 1343 
1220 661 714 715 
1221 953 958 959 
1222 549 556 579 
1223 1273 1286 1295 
1224 781 782 783 
1225 352 356 1035 
1226 109 114 123 
1227 85 105 119 
1228 221 226 227 
1229 1072 1078 1079 
1230 1205 1210 1219 
1231 980 981 986 
1232 636 640 641 
1233 380 381 383 
1234 824 830 831 
1235 1037 1042 1043 
1236 1396 1397 1398 
1237 364 367 370 
1238 1317 1342 1355 
1239 1248 1249 1302 
1240 1349 1350 1351 
1241 921 922 923 
1242 1349 1350 1356 
1243 1082 1088 1091 
1244 385 408 411 
1245 1546 1610 1619 
1246 1148 1149 1176 
1247 385 408 415 
1248 1540 1541 1543 
1249 73 106 119 
1250 1540 1541 1547 
1251 96 97 99 
1252 1408 1409 1526 
1253 1037 1042 1055 
1254 352 1028 1035 
1255 321 342 351 
1256 950 956 959 
1257 1301 1389 1408 
1258 13 34 35 
1259 665 666 667 
1260 129 136 155 
1261 1546 1552 1610 
1262 389 394 403 
1263 337 338 356 
1264 321 342 343 
1265 353 354 355 
1266 821 822 831 
1267 1428 1433 1434 
1268 1417 1418 1419 
1269 1353 1354 1535 
1270 1570 1571 1583 
1271 460 461 467 
1272 940 982 989 
1273 1525 1550 1563 
1274 1589 1590 1596 
1275 742 764 767 
1276 460 461 463 
1277 1148 1149 1151 
1278 81 86 95 
1279 821 822 823 
1280 8 11 14 
1281 748 754 755 
1282 197 198 199 
1283 681 682 688 
1284 148 154 155 
1285 681 682 683 
1286 897 902 903 
1287 1417 1418 1424 
1288 129 136 139 
1289 1604 1605 1631 
1290 1348 1349 1351 
1291 1589 1594 1603 
1292 1370 1371 1395 
1293 1613 1620 1624 
1294 1716 1719 1722 
1295 1130 1136 1139 
1296 337 338 339 
1297 1218 1240 1243 
1298 1713 1714 1768 
1299 102 108 111 
1300 1596 1597 1599 
1301 1380 1381 1387 
1302 296 297 302 
1303 1380 1381 1383 
1304 1109 1116 1119 
1305 1500 1501 1503 
1306 1500 1501 1506 
1307 473 480 487 
1308 473 480 483 
1309 1065 1066 1163 
1310 1180 1183 1188 
1311 536 562 563 
1312 1605 1624 1628 
1313 1520 1521 1771 
1314 785 790 987 
1315 1525 1550 1551 
1316 761 772 787 
1317 685 692 696 
1318 685 692 695 
1319 1221 1222 1223 
1320 1549 1550 1563 
1321 1701 1708 1715 
1322 1701 1708 1711 
1323 1221 1222 1228 
1324 1530 1531 1543 
1325 9 1004 1011 
1326 1418 1424 1427 
1327 121 288 363 
1328 1309 1314 1323 
1329 57 58 71 
1330 821 834 843 
1331 18 19 24 
1332 229 242 243 
1333 1549 1550 1551 
1334 1448 1454 1480 
1335 9 1004 1007 
1336 309 320 343 
1337 73 106 107 
1338 430 436 439 
1339 1653 1660 1667 
1340 1113 1133 1147 
1341 1109 1116 1123 
1342 1308 1309 1314 
1343 57 58 79 
1344 1033 1075 1078 
1345 477 634 675 
1346 1308 1309 1311 
1347 156 162 163 
1348 1161 1174 1459 
1349 1545 1546 1547 
1350 885 892 915 
1351 1208 1209 1270 
1352 1265 1360 1631 
1353 1133 1134 1147 
1354 873 974 991 
1355 256 258 259 
1356 77 248 251 
1357 1645 1646 1656 
1358 77 248 255 
1359 608 609 611 
1360 372 469 1176 
1361 1596 1597 1603 
1362 260 261 263 
1363 1733 1734 1756 
1364 437 438 439 
1365 1377 1378 1384 
1366 869 870 923 
1367 1124 1130 1131 
1368 1713 1714 1715 
1369 1368 1374 1375 
1370 1133 1134 1135 
1371 260 261 267 
1372 1556 1562 1563 
1373 58 59 71 
1374 1033 1034 1040 
1375 461 468 471 
1376 972 973 978 
1377 1681 1704 1739 
1378 773 774 780 
1379 1357 1358 1359 
1380 696 771 848 
1381 1370 1394 1403 
1382 1616 1622 1623 
1383 1004 1010 1011 
1384 461 468 475 
1385 1193 1208 1211 
1386 972 973 975 
1387 1113 1114 1120 
1388 26 27 63 
1389 944 945 950 
1390 1733 1734 1735 
1391 97 104 111 
1392 789 790 987 
1393 1053 1054 1060 
1394 1541 1554 1619 
1395 773 774 775 
1396 970 976 979 
1397 1645 1646 1647 
1398 245 246 372 
1399 1685 1686 1692 
1400 1753 1754 1763 
1401 341 346 355 
1402 1382 1392 1395 
1403 1337 1338 1339 
1404 1676 1682 1683 
1405 944 945 946 
1406 1093 1098 1107 
1407 1525 1526 1551 
1408 758 768 771 
1409 501 502 512 
1410 1525 1526 1559 
1411 1719 1722 1736 
1412 1744 1750 1751 
1413 1016 1030 1031 
1414 1489 1490 1503 
1415 224 225 227 
1416 1505 1506 1512 
1417 1585 1586 1587 
1418 1753 1754 1755 
1419 1425 1436 1443 
1420 1337 1338 1348 
1421 1665 1666 1667 
1422 501 502 503 
1423 801 802 803 
1424 329 350 1015 
1425 341 346 347 
1426 806 816 819 
1427 558 616 621 
1428 629 640 643 
1429 1013 1014 1020 
1430 1317 1318 1319 
1431 29 30 36 
1432 781 948 963 
1433 868 874 875 
1434 801 802 811 
1435 1681 1704 1707 
1436 1184 1190 1191 
1437 1685 1686 1687 
1438 44 45 46 
1439 308 334 340 
1440 552 553 555 
1441 1182 1183 1188 
1442 1197 1368 1371 
1443 1105 1118 1153 
1444 552 553 558 
1445 877 896 903 
1446 13 64 99 
1447 864 865 966 
1448 317 322 331 
1449 1613 1624 1627 
1450 1465 1472 1479 
1451 700 750 751 
1452 1288 1289 1310 
1453 357 1032 1035 
1454 697 702 851 
1455 1536 1537 1590 
1456 937 942 997 
1457 1317 1318 1343 
1458 26 32 35 
1459 251 254 263 
1460 1093 1094 1095 
1461 445 446 447 
1462 1317 1346 1355 
1463 785 786 960 
1464 1197 1368 1375 
1465 876 882 883 
1466 965 970 979 
1467 136 148 155 
1468 865 966 975 
1469 145 158 159 
1470 445 446 455 
1471 765 766 784 
1472 920 926 927 
1473 252 253 255 
1474 479 606 615 
1475 580 581 583 
1476 252 253 258 
1477 893 894 900 
1478 733 738 755 
1479 520 690 691 
1480 1230 1372 1375 
1481 473 474 475 
1482 1061 1068 1155 
1483 1742 1748 1751 
1484 780 784 785 
1485 1262 1263 1268 
1486 918 936 937 
1487 781 786 963 
1488 897 902 998 
1489 354 1016 1019 
1490 1157 1178 1187 
1491 409 423 435 
1492 749 756 763 
1493 858 904 907 
1494 473 474 483 
1495 333 344 359 
1496 1416 1417 1419 
1497 349 350 351 
1498 178 184 187 
1499 180 186 187 
1500 1061 1102 1155 
1501 737 738 752 
1502 1245 1384 1389 
1503 761 766 787 
1504 637 642 679 
1505 13 64 67 
1506 1025 1044 1051 
1507 1605 1606 1624 
1508 516 517 519 
1509 946 952 955 
1510 244 245 469 
1511 949 960 963 
1512 1024 1025 1039 
1513 1192 1200 1207 
1514 880 881 883 
1515 880 881 886 
1516 1193 1208 1271 
1517 145 146 195 
1518 1416 1417 1422 
1519 550 556 559 
1520 580 581 594 
1521 1025 1038 1051 
1522 216 217 218 
1523 588 590 591 
1524 472 526 535 
1525 516 517 522 
1526 649 650 651 
1527 576 582 583 
1528 716 721 722 
1529 480 486 487 
1530 737 738 739 
1531 248 254 255 
1532 504 510 511 
1533 1045 1058 1069 
1534 588 589 590 
1535 9 10 1007 
1536 544 545 547 
1537 872 873 974 
1538 434 440 443 
1539 333 344 347 
1540 1044 1050 1051 
1541 1007 1066 1067 
1542 649 650 659 
1543 1153 1154 1167 
1544 1545 1546 1552 
1545 1025 1038 1039 
1546 1625 1626 1648 
1547 241 246 375 
1548 937 942 943 
1549 453 454 1143 
1550 1492 1678 1684 
1551 1476 1477 1491 
1552 288 289 339 
1553 1013 1018 1027 
1554 353 1016 1031 
1555 1089 1112 1147 
1556 865 866 872 
1557 25 30 39 
1558 1497 1510 1511 
1559 361 404 407 
1560 1361 1628 1631 
1561 544 545 550 
1562 1409 1410 1435 
1563 1212 1213 1219 
1564 753 764 767 
1565 1212 1213 1215 
1566 665 666 703 
1567 1049 1056 1059 
1568 296 297 299 
1569 352 353 355 
1570 352 353 358 
1571 1288 1289 1290 
1572 1313 1326 1335 
1573 529 600 603 
1574 714 724 727 
1575 1497 1510 1521 
1576 449 450 456 
1577 1045 1058 1059 
1578 449 450 451 
1579 1305 1342 1531 
1580 693 694 803 
1581 1202 1203 1220 
1582 1237 1244 1247 
1583 1744 1745 1750 
1584 488 489 491 
1585 1565 1576 1655 
1586 153 154 160 
1587 1436 1437 1439 
1588 440 454 455 
1589 488 489 494 
1590 361 404 411 
1591 1026 1044 1050 
1592 1237 1244 1251 
1593 1338 1348 1351 
1594 64 65 66 
1595 481 506 826 
1596 633 638 687 
1597 1436 1437 1443 
1598 584 590 591 
1599 737 742 767 
1600 708 710 711 
1601 464 467 526 
1602 236 237 469 
1603 1033 1040 1092 
1604 1272 1286 1287 
1605 1724 1725 1726 
1606 1270 1276 1279 
1607 701 778 779 
1608 1429 1430 1431 
1609 881 888 891 
1610 881 888 895 
1611 582 650 659 
1612 1420 1421 1435 
1613 708 709 723 
1614 776 782 783 
1615 160 161 163 
1616 322 328 331 
1617 561 572 587 
1618 1724 1725 1779 
1619 337 407 410 
1620 528 560 567 
1621 1252 1253 1258 
1622 929 934 935 
1623 1013 1020 1027 
1624 500 501 674 
1625 1704 1705 1738 
1626 1145 1150 1157 
1627 1367 1370 1415 
1628 1145 1150 1151 
1629 1449 1450 1468 
1630 1400 1401 1406 
1631 288 289 363 
1632 1400 1401 1403 
1633 1717 1731 1743 
1634 708 709 710 
1635 929 934 941 
1636 1252 1253 1267 
1637 1504 1506 1507 
1638 924 926 927 
1639 64 65 98 
1640 1557 1680 1719 
1641 1704 1705 1706 
1642 273 280 283 
1643 1476 1477 1479 
1644 1232 1233 1246 
1645 1381 1382 1383 
1646 145 158 231 
1647 273 280 287 
1648 1125 1130 1139 
1649 1489 1494 1507 
1650 721 740 744 
1651 969 970 976 
1652 1429 1430 1440 
1653 598 652 655 
1654 316 317 319 
1655 1381 1382 1392 
1656 317 322 323 
1657 849 856 859 
1658 1232 1233 1235 
1659 1712 1746 1747 
1660 849 856 863 
1661 561 572 575 
1662 754 760 763 
1663 680 681 687 
1664 97 98 99 
1665 482 898 999 
1666 1120 1145 1146 
1667 680 681 683 
1668 1232 1246 1247 
1669 1301 1389 1527 
1670 1469 1470 1476 
1671 577 646 647 
1672 1228 1229 1234 
1673 1665 1666 1733 
1674 316 317 323 
1675 856 859 862 
1676 37 50 115 
1677 717 728 743 
1678 1228 1229 1231 
1679 41 46 55 
1680 1248 1277 1282 
1681 901 997 998 
1682 1032 1034 1035 
1683 152 174 175 
1684 577 646 659 
1685 1370 1394 1395 
1686 1541 1554 1555 
1687 1617 1622 1639 
1688 698 812 815 
1689 248 251 254 
1690 818 824 827 
1691 1440 1441 1443 
1692 124 125 126 
1693 524 532 539 
1694 429 436 443 
1695 604 610 611 
1696 381 382 392 
1697 1210 1216 1219 
1698 1449 1450 1451 
1699 573 586 595 
1700 1208 1209 1210 
1701 949 956 960 
1702 173 180 187 
1703 1394 1400 1403 
1704 365 384 387 
1705 1440 1441 1455 
1706 845 884 907 
1707 1196 1199 1202 
1708 160 161 182 
1709 280 286 287 
1710 1753 1760 1767 
1711 1308 1314 1315 
1712 381 382 383 
1713 1680 1700 1707 
1714 637 638 639 
1715 1753 1760 1763 
1716 365 384 391 
1717 617 628 631 
1718 284 290 332 
1719 1420 1421 1422 
1720 509 514 523 
1721 1200 1206 1207 
1722 1245 1250 1389 
1723 405 1080 1127 
1724 936 937 943 
1725 1321 1322 1323 
1726 1480 1481 1483 
1727 1021 1046 1047 
1728 74 84 87 
1729 332 340 347 
1730 1480 1481 1486 
1731 989 1001 1002 
1732 1268 1269 1271 
1733 1029 1036 1043 
1734 617 628 643 
1735 196 197 199 
1736 1268 1269 1274 
1737 38 100 103 
1738 857 871 911 
1739 509 514 515 
1740 985 992 995 
1741 1341 1342 1355 
1742 1012 1014 1015 
1743 854 860 863 
1744 1081 1126 1135 
1745 1463 1466 1475 
1746 600 601 747 
1747 621 640 667 
1748 453 458 1141 
1749 484 490 491 
1750 529 564 567 
1751 1576 1577 1655 
1752 124 125 130 
1753 1321 1322 1340 
1754 530 531 560 
1755 1489 1490 1491 
1756 1368 1374 1383 
1757 566 567 584 
1758 1049 1056 1063 
1759 1248 1249 1250 
1760 345 346 347 
1761 740 745 746 
1762 1341 1528 1535 
1763 1341 1528 1531 
1764 1598 1608 1611 
1765 452 453 455 
1766 345 346 352 
1767 1192 1204 1207 
1768 452 453 458 
1769 993 994 1000 
1770 1453 1484 1487 
1771 137 144 151 
1772 521 522 792 
1773 526 532 535 
1774 545 550 559 
1775 900 901 939 
1776 608 609 623 
1777 1029 1036 1039 
1778 16 17 31 
1779 284 285 290 
1780 713 724 731 
1781 278 284 287 
1782 828 829 831 
1783 780 781 786 
1784 780 781 783 
1785 1644 1648 1649 
1786 1678 1684 1687 
1787 16 17 23 
1788 877 890 891 
1789 1689 1696 1711 
1790 1650 1668 1671 
1791 61 66 75 
1792 1593 1600 1604 
1793 648 654 655 
1794 774 780 783 
1795 1661 1725 1779 
1796 1726 1732 1735 
1797 5 168 795 
1798 752 753 767 
1799 284 285 287 
1800 556 557 578 
1801 1497 1522 1523 
1802 1614 1620 1623 
1803 528 529 567 
1804 584 585 587 
1805 11 14 59 
1806 1060 1102 1103 
1807 1558 1676 1679 
1808 349 354 1019 
1809 486 487 499 
1810 1104 1118 1119 
1811 893 914 915 
1812 1714 1768 1769 
1813 77 78 91 
1814 796 797 802 
1815 616 621 622 
1816 828 829 842 
1817 188 189 469 
1818 256 257 258 
1819 556 557 559 
1820 1441 1448 1452 
1821 125 132 139 
1822 620 621 646 
1823 657 670 735 
1824 11 58 79 
1825 688 689 691 
1826 52 53 55 
1827 507 510 519 
1828 8 14 15 
1829 688 689 694 
1830 337 356 431 
1831 849 850 851 
1832 1545 1552 1611 
1833 725 732 739 
1834 249 262 275 
1835 549 550 556 
1836 893 914 939 
1837 753 760 764 
1838 336 337 407 
1839 1664 1669 1670 
1840 249 250 271 
1841 1481 1486 1495 
1842 380 381 1176 
1843 418 424 427 
1844 1404 1408 1409 
1845 1688 1702 1703 
1846 849 850 859 
1847 1486 1492 1495 
1848 1661 1725 1732 
1849 266 276 279 
1850 141 152 155 
1851 1553 1618 1635 
1852 388 389 394 
1853 388 389 391 
1854 348 354 355 
1855 11 58 59 
1856 1566 1572 1575 
1857 1577 1584 1663 
1858 1509 1520 1521 
1859 141 152 175 
1860 1369 1412 1419 
1861 1369 1412 1415 
1862 476 606 607 
1863 442 1128 1131 
1864 153 160 183 
1865 1289 1296 1319 
1866 249 262 263 
1867 453 1136 1141 
1868 367 370 379 
1869 1137 1142 1151 
1870 1493 1678 1687 
1871 1472 1473 1475 
1872 942 996 997 
1873 1469 1482 1491 
1874 184 190 212 
1875 1169 1170 1171 
1876 389 396 399 
1877 34 96 99 
1878 1161 1166 1167 
1879 294 295 307 
1880 1365 1366 1415 
1881 441 454 1143 
1882 49 50 115 
1883 1089 1090 1091 
1884 1729 1734 1735 
1885 40 41 43 
1886 1584 1585 1587 
1887 40 41 46 
1888 521 690 799 
1889 448 449 1176 
1890 1208 1270 1271 
1891 1089 1134 1147 
1892 1392 1393 1398 
1893 1760 1761 1763 
1894 1760 1761 1766 
1895 1753 1758 1767 
1896 1096 1110 1111 
1897 1525 1556 1559 
1898 1392 1393 1395 
1899 1484 1485 1679 
1900 456 458 459 
1901 1198 1199 1223 
1902 496 497 503 
1903 157 206 207 
1904 716 720 721 
1905 196 197 202 
1906 1388 1389 1527 
1907 1472 1473 1479 
1908 585 592 595 
1909 521 792 799 
1910 302 308 311 
1911 585 592 599 
1912 543 546 604 
1913 956 960 961 
1914 1625 1648 1675 
1915 1609 1616 1623 
1916 1665 1670 1756 
1917 1054 1060 1063 
1918 488 626 635 
1919 852 855 946 
1920 1664 1665 1667 
1921 1105 1153 1154 
1922 1745 1750 1774 
1923 1040 1041 1074 
1924 565 588 723 
1925 1120 1121 1123 
1926 246 372 375 
1927 1166 1366 1459 
1928 1365 1366 1459 
1929 1525 1556 1563 
1930 138 150 159 
1931 312 315 318 
1932 1744 1745 1747 
1933 1489 1494 1495 
1934 1012 1018 1019 
1935 1600 1605 1606 
1936 1401 1406 1423 
1937 384 387 390 
1938 681 688 695 
1939 913 937 938 
1940 216 218 219 
1941 821 828 843 
1942 821 828 831 
1943 564 584 591 
1944 1120 1121 1146 
1945 1196 1202 1203 
1946 555 604 611 
1947 981 988 995 
1948 1758 1764 1767 
1949 1461 1462 1519 
1950 1040 1041 1043 
1951 377 388 391 
1952 1729 1734 1759 
1953 1141 1176 1179 
1954 377 388 395 
1955 557 558 620 
1956 1033 1078 1092 
1957 1566 1567 1572 
1958 560 566 567 
1959 901 938 939 
1960 1376 1377 1391 
1961 1193 1204 1211 
1962 1424 1425 1427 
1963 1312 1313 1326 
1964 349 350 1012 
1965 1670 1756 1757 
1966 410 428 431 
1967 373 374 380 
1968 1649 1672 1675 
1969 901 902 998 
1970 1376 1377 1378 
1971 28 29 42 
1972 297 304 311 
1973 893 894 895 
1974 1181 1192 1195 
1975 1092 1098 1099 
1976 1312 1313 1314 
1977 917 918 919 
1978 1460 1466 1467 
1979 1349 1356 1588 
1980 177 178 184 
1981 1017 1024 1039 
1982 467 472 526 
1983 1093 1094 1100 
1984 1009 1010 1047 
1985 837 838 844 
1986 28 29 30 
1987 1350 1356 1359 
1988 456 794 1176 
1989 645 658 659 
1990 1024 1025 1027 
1991 54 108 113 
1992 1397 1398 1404 
1993 1664 1665 1670 
1994 505 518 819 
1995 140 167 471 
1996 4 7 462 
1997 793 998 1255 
1998 832 838 839 
1999 841 842 843 
2000 1217 1240 1303 
2001 488 495 635 
2002 1632 1633 1635 
2003 1632 1633 1638 
2004 869 920 923 
2005 529 600 747 
2006 1062 1068 1069 
2007 645 658 671 
2008 1113 1120 1133 
2009 405 1080 1083 
2010 482 898 899 
2011 1177 1184 1191 
2012 1493 1494 1504 
2013 536 544 551 
2014 894 900 901 
2015 1428 1432 1433 
2016 1057 1062 1069 
2017 1329 1330 1336 
2018 1357 1362 1591 
2019 869 920 927 
2020 1646 1656 1659 
2021 1089 1134 1135 
2022 237 238 244 
2023 172 178 179 
2024 1409 1432 1435 
2025 1468 1470 1471 
2026 1056 1057 1062 
2027 297 304 307 
2028 81 88 95 
2029 164 171 471 
2030 1737 1744 1751 
2031 1177 1184 1187 
2032 1536 1537 1538 
2033 81 88 91 
2034 638 672 673 
2035 312 318 319 
2036 1704 1738 1739 
2037 196 202 203 
2038 140 143 471 
2039 237 238 239 
2040 1056 1057 1059 
2041 808 832 839 
2042 1152 1153 1159 
2043 796 802 803 
2044 1328 1604 1631 
2045 285 286 300 
2046 841 842 883 
2047 1396 1398 1399 
2048 1217 1278 1279 
2049 1412 1418 1419 
2050 689 694 803 
2051 344 345 347 
2052 616 617 619 
2053 436 442 443 
2054 829 876 883 
2055 953 964 971 
2056 1097 1104 1119 
2057 1169 1174 1175 
2058 169 170 191 
2059 1081 1082 1088 
2060 37 38 100 
2061 768 769 775 
2062 768 769 771 
2063 809 814 835 
2064 1561 1566 1575 
2065 89 252 259 
2066 1328 1329 1330 
2067 433 434 435 
2068 1374 1380 1383 
2069 1668 1672 1673 
2070 14 56 59 
2071 89 252 255 
2072 616 617 622 
2073 597 602 707 
2074 1097 1104 1107 
2075 105 106 107 
2076 741 764 791 
2077 964 965 970 
2078 249 250 263 
2079 908 922 923 
2080 909 910 916 
2081 973 974 991 
2082 1721 1726 1735 
2083 1181 1254 1263 
2084 1253 1258 1363 
2085 1429 1440 1455 
2086 1362 1588 1591 
2087 481 482 507 
2088 705 706 712 
2089 26 60 63 
2090 1452 1558 1676 
2091 516 522 523 
2092 1689 1696 1699 
2093 85 92 105 
2094 1473 1498 1499 
2095 1252 1258 1259 
2096 105 106 119 
2097 705 706 707 
2098 344 345 359 
2099 904 910 911 
2100 1553 1618 1619 
2101 692 693 695 
2102 326 1022 1047 
2103 692 693 698 
2104 1729 1730 1731 
2105 253 258 267 
2106 241 242 243 
2107 1168 1169 1175 
2108 513 514 515 
2109 433 446 447 
2110 1009 1010 1067 
2111 973 974 975 
2112 29 36 51 
2113 479 614 615 
2114 784 789 790 
2115 1438 1444 1447 
2116 1125 1126 1132 
2117 762 772 775 
2118 212 213 218 
2119 250 251 263 
2120 333 338 359 
2121 672 673 678 
2122 317 318 319 
2123 908 910 911 
2124 212 213 215 
2125 777 778 779 
2126 1116 1122 1123 
2127 433 446 455 
2128 241 368 371 
2129 152 153 174 
2130 424 425 427 
2131 538 539 544 
2132 662 726 735 
2133 168 169 171 
2134 513 514 520 
2135 241 368 375 
2136 769 770 776 
2137 884 885 886 
2138 964 965 967 
2139 812 813 851 
2140 317 318 327 
2141 309 310 320 
2142 541 554 623 
2143 1192 1195 1200 
2144 1729 1730 1755 
2145 161 162 192 
2146 1425 1430 1431 
2147 496 497 499 
2148 1156 1176 1177 
2149 505 506 818 
2150 908 909 910 
2151 857 908 911 
2152 820 834 835 
2153 645 646 667 
2154 917 918 936 
2155 1185 1198 1371 
2156 1312 1326 1327 
2157 1477 1496 1503 
2158 289 336 407 
2159 1241 1242 1243 
2160 1722 1731 1736 
2161 433 434 440 
2162 309 310 311 
2163 1425 1430 1443 
2164 752 753 754 
2165 781 782 948 
2166 1477 1478 1496 
2167 769 770 771 
2168 1225 1232 1247 
2169 356 431 1072 
2170 636 637 642 
2171 161 162 163 
2172 1565 1576 1579 
2173 761 762 772 
2174 152 153 154 
2175 373 380 1176 
2176 169 170 171 
2177 857 908 923 
2178 1424 1425 1431 
2179 1121 1146 1159 
2180 645 646 659 
2181 828 842 843 
2182 908 909 922 
2183 1569 1570 1583 
2184 308 309 334 
2185 636 637 639 
2186 65 66 72 
2187 301 302 308 
2188 1241 1242 1248 
2189 1168 1169 1171 
2190 761 762 763 
2191 877 890 903 
2192 1241 1277 1303 
2193 812 813 839 
2194 1068 1069 1155 
2195 149 156 159 
2196 336 337 339 
2197 669 734 751 
2198 271 274 283 
2199 1568 1574 1575 
2200 1626 1648 1651 
2201 276 277 332 
2202 1577 1578 1579 
2203 760 764 765 
2204 1477 1478 1479 
2205 1445 1446 1447 
2206 624 630 631 
2207 1401 1402 1416 
2208 1504 1686 1687 
2209 560 561 566 
2210 1449 1468 1483 
2211 121 194 363 
2212 797 802 811 
2213 308 309 311 
2214 1456 1462 1463 
2215 313 326 1047 
2216 1465 1466 1472 
2217 1209 1270 1279 
2218 221 232 235 
2219 245 372 469 
2220 1577 1578 1584 
2221 328 350 351 
2222 497 502 515 
2223 221 232 239 
2224 1180 1254 1255 
2225 657 670 671 
2226 1037 1048 1055 
2227 350 1012 1015 
2228 53 54 55 
2229 1037 1048 1051 
2230 669 734 735 
2231 1045 1046 1059 
2232 1333 1334 1335 
2233 1468 1482 1483 
2234 777 944 951 
2235 1401 1402 1403 
2236 1445 1446 1464 
2237 1696 1697 1710 
2238 532 533 535 
2239 506 826 827 
2240 1089 1090 1112 
2241 149 156 163 
2242 980 985 986 
2243 945 950 959 
2244 794 1176 1179 
2245 1333 1334 1347 
2246 532 533 538 
2247 1056 1062 1063 
2248 96 102 103 
2249 1045 1046 1071 
2250 582 644 650 
2251 645 664 667 
2252 232 233 235 
2253 232 233 239 
2254 477 634 635 
2255 989 990 1003 
2256 916 917 931 
2257 1353 1354 1355 
2258 1273 1280 1283 
2259 801 812 839 
2260 504 507 510 
2261 483 486 507 
2262 553 558 616 
2263 1389 1390 1411 
2264 113 145 195 
2265 1157 1158 1164 
2266 500 633 680 
2267 1237 1238 1239 
2268 913 918 919 
2269 224 225 469 
2270 645 664 671 
2271 176 177 191 
2272 1273 1274 1283 
2273 1765 1766 1767 
2274 1228 1234 1235 
2275 617 622 643 
2276 1216 1217 1279 
2277 1461 1462 1499 
2278 961 984 987 
2279 1237 1238 1247 
2280 568 574 575 
2281 46 52 55 
2282 1541 1542 1555 
2283 613 618 631 
2284 916 917 919 
2285 301 308 340 
2286 556 578 579 
2287 268 274 275 
2288 100 101 115 
2289 33 38 103 
2290 148 149 151 
2291 560 561 575 
2292 1365 1414 1415 
2293 148 149 154 
2294 749 754 763 
2295 1257 1258 1259 
2296 1273 1274 1275 
2297 966 972 975 
2298 1177 1178 1187 
2299 400 401 402 
2300 909 922 931 
2301 1357 1536 1591 
2302 860 861 866 
2303 860 861 863 
2304 1433 1562 1571 
2305 437 442 1131 
2306 1765 1766 1772 
2307 497 502 503 
2308 629 630 639 
2309 613 618 619 
2310 1244 1250 1251 
2311 629 630 631 
2312 54 112 113 
2313 1324 1330 1331 
2314 665 677 696 
2315 430 439 1076 
2316 625 626 627 
2317 589 704 711 
2318 329 330 331 
2319 1222 1228 1231 
2320 176 177 178 
2321 173 178 187 
2322 325 326 327 
2323 1713 1768 1775 
2324 637 672 679 
2325 1561 1562 1571 
2326 1561 1562 1563 
2327 1433 1452 1455 
2328 809 820 823 
2329 286 300 303 
2330 431 1072 1079 
2331 305 316 319 
2332 1708 1709 1711 
2333 1708 1709 1714 
2334 528 529 603 
2335 809 820 835 
2336 36 50 51 
2337 1069 1070 1160 
2338 1293 1305 1306 
2339 801 812 815 
2340 1181 1192 1263 
2341 522 792 798 
2342 1198 1222 1231 
2343 205 230 243 
2344 1680 1681 1707 
2345 1185 1186 1367 
2346 1541 1542 1543 
2347 1321 1340 1347 
2348 1198 1222 1223 
2349 1481 1482 1491 
2350 1216 1217 1219 
2351 1273 1280 1295 
2352 1594 1600 1603 
2353 884 885 906 
2354 52 53 146 
2355 184 212 219 
2356 205 230 231 
2357 1042 1052 1055 
2358 1452 1453 1558 
2359 1481 1482 1483 
2360 200 202 203 
2361 609 616 619 
2362 1385 1386 1387 
2363 1705 1706 1712 
2364 49 50 51 
2365 1489 1500 1503 
2366 164 167 471 
2367 765 788 791 
2368 1421 1432 1435 
2369 281 296 303 
2370 452 458 459 
2371 601 744 747 
2372 736 740 741 
2373 1104 1105 1118 
2374 1489 1500 1507 
2375 293 294 315 
2376 1385 1386 1396 
2377 213 220 227 
2378 213 220 223 
2379 317 324 327 
2380 1680 1681 1718 
2381 293 294 307 
2382 901 938 997 
2383 1685 1690 1699 
2384 277 284 332 
2385 305 316 323 
2386 1584 1585 1662 
2387 317 324 331 
2388 1728 1729 1731 
2389 1234 1376 1379 
2390 397 398 415 
2391 1465 1466 1467 
2392 1554 1564 1567 
2393 621 646 667 
2394 345 352 356 
2395 1728 1729 1735 
2396 425 448 1176 
2397 1537 1590 1599 
2398 1457 1518 1519 
2399 844 858 904 
2400 1261 1288 1291 
2401 617 618 631 
2402 713 718 731 
2403 1705 1712 1747 
2404 104 105 107 
2405 593 594 595 
2406 817 822 831 
2407 1629 1630 1675 
2408 778 944 947 
2409 1676 1677 1691 
2410 397 398 399 
2411 1233 1246 1391 
2412 105 110 111 
2413 1712 1713 1746 
2414 181 196 203 
2415 425 426 427 
2416 1371 1382 1395 
2417 925 973 991 
2418 1164 1165 1187 
2419 393 400 1176 
2420 30 36 39 
2421 1165 1186 1187 
2422 1276 1277 1279 
2423 1473 1498 1511 
2424 1276 1277 1283 
2425 1417 1424 1431 
2426 860 867 955 
2427 76 82 83 
2428 713 718 719 
2429 529 564 747 
2430 1504 1505 1506 
2431 72 73 107 
2432 249 268 271 
2433 520 522 523 
2434 1358 1536 1539 
2435 617 618 619 
2436 773 780 784 
2437 249 268 275 
2438 1301 1306 1551 
2439 35 60 67 
2440 393 394 400 
2441 425 426 448 
2442 10 250 251 
2443 117 265 276 
2444 169 469 795 
2445 268 271 274 
2446 1488 1489 1495 
2447 10 250 271 
2448 1729 1752 1755 
2449 769 776 783 
2450 1488 1489 1491 
2451 1729 1752 1759 
2452 522 798 807 
2453 969 980 983 
2454 9 10 315 
2455 33 34 96 
2456 1104 1105 1107 
2457 1371 1382 1383 
2458 265 266 276 
2459 300 301 302 
2460 625 630 639 
2461 1437 1444 1451 
2462 1468 1469 1482 
2463 1616 1617 1619 
2464 66 72 75 
2465 353 358 1031 
2466 1153 1166 1167 
2467 1325 1332 1335 
2468 402 416 419 
2469 1325 1332 1339 
2470 432 433 435 
2471 636 641 642 
2472 1322 1340 1346 
2473 236 237 239 
2474 92 93 118 
2475 110 116 117 
2476 570 576 579 
2477 1296 1297 1299 
2478 1616 1617 1622 
2479 12 15 18 
2480 265 266 267 
2481 154 160 163 
2482 77 78 251 
2483 465 542 543 
2484 1289 1310 1319 
2485 464 526 527 
2486 665 696 771 
2487 1266 1308 1311 
2488 1173 1174 1459 
2489 432 433 447 
2490 537 548 571 
2491 1468 1469 1470 
2492 310 320 323 
2493 1700 1706 1707 
2494 1349 1588 1595 
2495 753 754 760 
2496 1353 1532 1535 
2497 1353 1532 1539 
2498 1409 1432 1559 
2499 621 622 640 
2500 989 994 1001 
2501 1260 1261 1291 
2502 885 906 915 
2503 652 654 655 
2504 737 752 767 
2505 104 105 111 
2506 1267 1312 1315 
2507 1305 1342 1343 
2508 492 493 675 
2509 837 859 862 
2510 1217 1278 1303 
2511 136 142 148 
2512 537 548 551 
2513 965 972 979 
2514 197 198 204 
2515 285 300 335 
2516 1712 1713 1715 
2517 1720 1726 1727 
2518 857 870 871 
2519 421 426 451 
2520 989 1002 1003 
2521 133 134 135 
2522 777 782 951 
2523 796 797 798 
2524 33 34 35 
2525 770 771 855 
2526 1772 1773 1778 
2527 1533 1540 1547 
2528 1 6 15 
2529 1533 1540 1543 
2530 133 134 147 
2531 552 558 559 
2532 1260 1261 1267 
2533 757 762 775 
2534 833 840 847 
2535 999 1176 1183 
2536 382 392 395 
2537 833 840 843 
2538 281 296 299 
2539 1161 1162 1175 
2540 469 470 483 
2541 1194 1200 1203 
2542 13 35 67 
2543 1397 1404 1408 
2544 1280 1281 1295 
2545 372 373 374 
2546 1414 1438 1447 
2547 445 452 459 
2548 880 886 887 
2549 276 277 278 
2550 445 452 455 
2551 5 470 795 
2552 653 654 660 
2553 988 989 995 
2554 369 374 383 
2555 1248 1282 1301 
2556 701 778 947 
2557 992 993 994 
2558 289 336 339 
2559 469 482 483 
2560 1414 1438 1439 
2561 1571 1676 1683 
2562 885 886 892 
2563 1085 1090 1115 
2564 1120 1133 1145 
2565 1280 1281 1283 
2566 1385 1396 1411 
2567 1264 1265 1331 
2568 1052 1053 1054 
2569 760 761 763 
2570 1269 1274 1283 
2571 1141 1142 1151 
2572 760 761 766 
2573 920 921 926 
2574 1600 1601 1606 
2575 664 665 671 
2576 1653 1654 1660 
2577 920 921 923 
2578 1600 1601 1603 
2579 1705 1738 1747 
2580 461 462 471 
2581 337 410 431 
2582 353 354 1016 
2583 1301 1302 1527 
2584 816 822 823 
2585 441 1128 1143 
2586 204 205 211 
2587 981 982 988 
2588 724 725 727 
2589 1696 1697 1699 
2590 180 181 186 
2591 89 90 255 
2592 180 181 183 
2593 1567 1572 1634 
2594 1649 1650 1668 
2595 45 133 147 
2596 1653 1654 1655 
2597 204 205 207 
2598 69 70 83 
2599 1541 1546 1619 
2600 421 426 427 
2601 542 543 604 
2602 664 665 667 
2603 325 326 1022 
2604 881 886 895 
2605 757 762 763 
2606 1577 1654 1663 
2607 1006 1007 1163 
2608 1121 1152 1159 
2609 1088 1089 1091 
2610 889 894 895 
2611 368 374 375 
2612 1585 1586 1724 
2613 69 70 71 
2614 1645 1656 1671 
2615 1264 1265 1363 
2616 1345 1350 1351 
2617 1065 1066 1067 
2618 429 434 435 
2619 240 241 243 
2620 300 301 335 
2621 7 12 19 
2622 240 241 246 
2623 1209 1216 1279 
2624 889 902 903 
2625 945 946 952 
2626 295 298 307 
2627 557 558 559 
2628 1577 1654 1655 
2629 1260 1263 1272 
2630 1345 1350 1359 
2631 461 462 463 
2632 724 725 730 
2633 1052 1053 1094 
2634 429 434 443 
2635 329 330 1008 
2636 1676 1677 1682 
2637 185 186 200 
2638 1314 1320 1323 
2639 409 422 423 
2640 430 1076 1079 
2641 482 483 507 
2642 413 414 415 
2643 709 710 716 
2644 113 114 120 
2645 784 788 789 
2646 957 968 983 
2647 369 376 383 
2648 944 946 947 
2649 1141 1148 1151 
2650 1257 1258 1363 
2651 93 118 291 
2652 157 158 206 
2653 1709 1714 1769 
2654 1578 1584 1587 
2655 685 696 699 
2656 340 341 347 
2657 1592 1594 1595 
2658 340 341 343 
2659 837 844 871 
2660 585 590 599 
2661 193 230 231 
2662 261 266 267 
2663 968 969 983 
2664 690 796 799 
2665 485 486 507 
2666 968 970 971 
2667 401 416 1176 
2668 1569 1716 1723 
2669 1536 1590 1591 
2670 1569 1716 1719 
2671 81 82 91 
2672 40 47 135 
2673 1624 1628 1629 
2674 893 900 939 
2675 968 969 970 
2676 269 270 283 
2677 1070 1160 1161 
2678 1041 1074 1095 
2679 1093 1100 1107 
2680 1589 1596 1603 
2681 1404 1409 1410 
2682 564 720 723 
2683 606 612 615 
2684 212 218 219 
2685 109 110 116 
2686 1658 1664 1667 
2687 109 110 111 
2688 26 35 60 
2689 172 173 175 
2690 886 892 895 
2691 892 893 895 
2692 906 912 915 
2693 172 173 178 
2694 912 913 919 
2695 16 19 24 
2696 509 516 519 
2697 1250 1388 1389 
2698 1682 1683 1700 
2699 1497 1521 1522 
2700 1485 1676 1679 
2701 934 940 941 
2702 1261 1288 1311 
2703 1538 1544 1547 
2704 426 448 451 
2705 270 271 283 
2706 564 720 747 
2707 509 516 523 
2708 989 994 995 
2709 1117 1122 1153 
2710 564 565 591 
2711 592 593 595 
2712 592 593 598 
2713 88 94 95 
2714 1109 1114 1123 
2715 713 714 715 
2716 1226 1232 1235 
2717 1660 1661 1663 
2718 1492 1493 1495 
2719 1281 1294 1295 
2720 1660 1661 1666 
2721 1421 1428 1432 
2722 1460 1463 1466 
2723 1293 1298 1299 
2724 441 442 443 
2725 261 266 279 
2726 1180 1181 1195 
2727 912 913 915 
2728 593 648 655 
2729 713 714 724 
2730 612 613 615 
2731 1664 1668 1669 
2732 612 613 619 
2733 593 648 651 
2734 413 414 423 
2735 161 192 199 
2736 1029 1034 1043 
2737 369 376 379 
2738 1080 1082 1083 
2739 1138 1144 1145 
2740 1161 1174 1175 
2741 1572 1573 1575 
2742 1237 1242 1251 
2743 1573 1578 1579 
2744 1572 1573 1579 
2745 1740 1741 1742 
2746 840 846 847 
2747 1269 1270 1276 
2748 1269 1270 1271 
2749 421 444 447 
2750 491 626 627 
2751 489 496 503 
2752 681 686 695 
2753 1206 1215 1220 
2754 1437 1442 1451 
2755 861 862 863 
2756 1620 1625 1626 
2757 1505 1686 1695 
2758 1237 1242 1243 
2759 258 264 267 
2760 1193 1262 1263 
2761 1573 1578 1587 
2762 1189 1190 1199 
2763 1060 1061 1063 
2764 540 546 547 
2765 1674 1776 1777 
2766 1189 1190 1191 
2767 1437 1442 1443 
2768 1459 1462 1519 
2769 377 378 379 
2770 1018 1024 1027 
2771 677 678 679 
2772 1369 1402 1419 
2773 833 834 843 
2774 185 200 215 
2775 641 666 703 
2776 142 148 151 
2777 1312 1314 1315 
2778 693 800 815 
2779 1512 1514 1515 
2780 1400 1406 1407 
2781 697 698 812 
2782 721 744 747 
2783 1369 1402 1403 
2784 1220 1221 1227 
2785 1220 1221 1223 
2786 640 641 667 
2787 16 24 31 
2788 693 800 803 
2789 377 378 391 
2790 421 444 451 
2791 400 401 1176 
2792 117 257 264 
2793 1203 1206 1220 
2794 861 862 871 
2795 817 818 824 
2796 677 678 696 
2797 193 360 367 
2798 1532 1533 1535 
2799 269 270 295 
2800 1140 1141 1179 
2801 1532 1533 1538 
2802 817 818 819 
2803 193 360 363 
2804 1141 1148 1176 
2805 120 145 231 
2806 485 498 511 
2807 240 246 247 
2808 933 977 978 
2809 977 978 979 
2810 997 1002 1003 
2811 4 462 463 
2812 1221 1228 1235 
2813 1738 1744 1747 
2814 269 282 283 
2815 488 494 495 
2816 1020 1021 1027 
2817 1229 1230 1231 
2818 439 1076 1083 
2819 1020 1021 1023 
2820 409 422 447 
2821 1189 1194 1203 
2822 1317 1322 1346 
2823 1406 1420 1423 
2824 93 94 95 
2825 793 1180 1255 
2826 182 196 199 
2827 94 256 259 
2828 269 282 299 
2829 530 560 563 
2830 1201 1214 1215 
2831 11 78 79 
2832 910 916 919 
2833 117 257 291 
2834 940 941 990 
2835 701 852 855 
2836 1452 1453 1487 
2837 1100 1101 1103 
2838 1149 1150 1151 
2839 1100 1101 1106 
2840 725 730 739 
2841 1252 1255 1260 
2842 1697 1698 1770 
2843 1149 1150 1156 
2844 1065 1161 1162 
2845 682 688 691 
2846 433 440 455 
2847 1317 1322 1323 
2848 982 988 989 
2849 1076 1077 1082 
2850 665 677 703 
2851 889 894 901 
2852 144 150 151 
2853 1557 1571 1683 
2854 1545 1598 1599 
2855 940 989 990 
2856 360 363 366 
2857 1252 1260 1267 
2858 1469 1476 1491 
2859 98 104 107 
2860 438 1124 1127 
2861 1444 1445 1450 
2862 205 206 207 
2863 1448 1452 1487 
2864 1333 1338 1351 
2865 1021 1026 1059 
2866 1756 1757 1758 
2867 449 456 1176 
2868 273 278 287 
2869 12 18 19 
2870 864 966 967 
2871 1480 1486 1487 
2872 1612 1613 1614 
2873 1444 1445 1447 
2874 165 170 191 
2875 0 1 3 
2876 1709 1710 1769 
2877 1281 1300 1307 
2878 0 1 7 
2879 725 726 727 
2880 565 588 591 
2881 1641 1652 1659 
2882 377 382 383 
2883 857 870 923 
2884 1029 1030 1039 
2885 485 498 499 
2886 649 654 663 
2887 1029 1030 1031 
2888 88 89 94 
2889 1501 1506 1515 
2890 924 925 926 
2891 88 89 91 
2892 1076 1077 1079 
2893 580 594 595 
2894 514 520 523 
2895 1244 1245 1247 
2896 1333 1338 1339 
2897 1612 1613 1627 
2898 469 482 999 
2899 1244 1245 1250 
2900 397 412 415 
2901 725 726 732 
2902 397 412 419 
2903 1536 1538 1539 
2904 1441 1452 1455 
2905 1700 1701 1706 
2906 1700 1701 1703 
2907 457 458 1140 
2908 7 23 462 
2909 165 170 171 
2910 1645 1650 1671 
2911 60 61 63 
2912 613 624 631 
2913 745 788 791 
2914 60 61 66 
2915 128 143 471 
2916 805 806 807 
2917 1036 1037 1039 
2918 1701 1706 1715 
2919 668 726 727 
2920 1204 1205 1210 
2921 1004 1007 1010 
2922 21 44 147 
2923 205 206 231 
2924 1021 1026 1027 
2925 1533 1538 1547 
2926 1463 1474 1499 
2927 940 977 982 
2928 1452 1571 1676 
2929 732 733 735 
2930 732 733 738 
2931 941 996 1003 
2932 36 37 39 
2933 1088 1089 1135 
2934 489 496 499 
2935 1036 1037 1043 
2936 1193 1262 1271 
2937 325 330 1023 
2938 200 214 215 
2939 497 498 511 
2940 533 534 543 
2941 670 750 759 
2942 1105 1106 1154 
2943 328 329 350 
2944 656 657 659 
2945 766 784 787 
2946 201 208 223 
2947 485 504 507 
2948 321 322 328 
2949 1373 1378 1387 
2950 264 265 267 
2951 574 580 583 
2952 1652 1653 1655 
2953 321 322 323 
2954 1652 1653 1659 
2955 92 110 117 
2956 1204 1205 1207 
2957 1463 1474 1475 
2958 1309 1316 1323 
2959 157 162 207 
2960 1128 1130 1131 
2961 481 506 507 
2962 681 686 687 
2963 533 534 535 
2964 569 574 583 
2965 485 504 511 
2966 520 521 522 
2967 485 486 499 
2968 1740 1741 1754 
2969 805 806 816 
2970 36 37 50 
2971 656 657 663 
2972 1484 1485 1486 
2973 1016 1018 1019 
2974 362 363 387 
2975 625 626 632 
2976 1266 1267 1308 
2977 1556 1559 1562 
2978 896 897 903 
2979 1541 1546 1547 
2980 441 442 1128 
2981 585 586 595 
2982 1504 1505 1686 
2983 689 690 691 
2984 829 830 876 
2985 328 329 331 
2986 1564 1634 1635 
2987 305 310 323 
2988 576 577 579 
2989 1552 1610 1611 
2990 585 586 587 
2991 100 101 102 
2992 1673 1674 1776 
2993 1749 1750 1751 
2994 848 849 851 
2995 577 578 647 
2996 1242 1248 1251 
2997 478 479 484 
2998 848 849 855 
2999 97 102 111 
3000 1617 1618 1632 
3001 1405 1410 1435 
3002 332 338 339 
3003 1731 1736 1743 
3004 740 744 745 
3005 1445 1464 1471 
3006 1485 1676 1684 
3007 741 742 764 
3008 829 842 883 
3009 924 925 991 
3010 593 598 655 
3011 1692 1693 1698 
3012 1401 1416 1423 
3013 1617 1618 1619 
3014 1364 1370 1371 
3015 953 954 955 
3016 1073 1086 1087 
3017 913 918 937 
3018 293 312 315 
3019 576 577 582 
3020 1749 1750 1774 
3021 1061 1062 1063 
3022 120 194 231 
3023 305 310 311 
3024 1061 1062 1068 
3025 1189 1194 1195 
3026 560 568 575 
3027 505 818 819 
3028 297 302 311 
3029 808 814 832 
3030 953 954 964 
3031 293 312 319 
3032 1336 1604 1607 
3033 1676 1684 1691 
3034 553 609 616 
3035 192 198 199 
3036 257 258 264 
3037 221 222 235 
3038 1689 1702 1711 
3039 829 830 831 
3040 1445 1450 1471 
3041 1078 1087 1099 
3042 562 568 571 
3043 477 492 675 
3044 166 172 175 
3045 596 602 704 
3046 553 609 623 
3047 1229 1234 1379 
3048 512 513 683 
3049 1105 1106 1107 
3050 905 910 919 
3051 528 531 560 
3052 1296 1297 1319 
3053 1365 1414 1463 
3054 81 82 83 
3055 77 90 91 
3056 1692 1693 1695 
3057 1709 1710 1711 
3058 377 382 395 
3059 1404 1405 1410 
3060 324 330 331 
3061 96 97 102 
3062 65 72 107 
3063 897 998 999 
3064 1442 1448 1451 
3065 356 357 406 
3066 1205 1212 1215 
3067 1404 1405 1407 
3068 1205 1212 1219 
3069 1145 1146 1159 
3070 122 288 339 
3071 1573 1574 1575 
3072 141 166 167 
3073 300 302 303 
3074 1284 1285 1287 
3075 855 860 955 
3076 164 172 179 
3077 372 374 375 
3078 1573 1574 1583 
3079 1284 1285 1290 
3080 1524 1530 1531 
3081 1740 1754 1755 
3082 141 166 175 
3083 93 94 256 
3084 281 286 303 
3085 1180 1181 1254 
3086 1265 1328 1631 
3087 20 126 127 
3088 633 634 635 
3089 1473 1478 1511 
3090 929 930 943 
3091 976 981 982 
3092 805 810 823 
3093 22 40 43 
3094 1521 1770 1771 
3095 832 833 835 
3096 1433 1434 1455 
3097 832 833 838 
3098 557 620 647 
3099 605 606 612 
3100 929 930 931 
3101 805 810 811 
3102 776 777 782 
3103 1513 1514 1520 
3104 669 700 751 
3105 1649 1668 1672 
3106 1245 1246 1247 
3107 465 476 479 
3108 152 154 155 
3109 641 666 667 
3110 37 100 115 
3111 120 121 123 
3112 1701 1702 1711 
3113 1529 1548 1551 
3114 20 127 471 
3115 1225 1226 1227 
3116 1529 1548 1555 
3117 1757 1758 1764 
3118 177 184 188 
3119 921 926 935 
3120 929 942 943 
3121 1533 1534 1535 
3122 933 934 940 
3123 76 79 82 
3124 1021 1022 1047 
3125 804 805 807 
3126 1009 1046 1047 
3127 1240 1241 1303 
3128 79 82 91 
3129 1413 1414 1447 
3130 221 222 223 
3131 1077 1078 1079 
3132 1165 1166 1172 
3133 1697 1698 1699 
3134 1533 1534 1543 
3135 389 396 403 
3136 1077 1078 1087 
3137 804 805 811 
3138 1073 1086 1111 
3139 321 328 351 
3140 933 934 935 
3141 1161 1166 1459 
3142 1661 1666 1732 
3143 1629 1672 1675 
3144 513 682 691 
3145 1373 1380 1387 
3146 57 70 71 
3147 233 240 247 
3148 517 518 806 
3149 633 634 675 
3150 18 27 56 
3151 1737 1738 1744 
3152 233 240 243 
3153 1473 1474 1499 
3154 1637 1638 1644 
3155 1285 1286 1287 
3156 1041 1042 1052 
3157 1048 1054 1055 
3158 411 414 428 
3159 27 56 63 
3160 1621 1622 1636 
3161 1592 1593 1607 
3162 448 449 451 
3163 1298 1304 1305 
3164 732 738 739 
3165 1737 1738 1739 
3166 1021 1022 1023 
3167 1448 1480 1487 
3168 57 70 83 
3169 1041 1042 1043 
3170 864 866 867 
3171 197 202 211 
3172 513 682 683 
3173 1285 1286 1295 
3174 149 154 163 
3175 533 540 543 
3176 1601 1602 1603 
3177 533 540 547 
3178 1360 1361 1631 
3179 1185 1186 1199 
3180 1176 1182 1183 
3181 338 356 359 
3182 846 884 887 
3183 577 578 579 
3184 1708 1714 1715 
3185 1005 1162 1175 
3186 1305 1306 1524 
3187 1608 1614 1615 
3188 748 749 754 
3189 748 749 751 
3190 954 964 967 
3191 1601 1602 1612 
3192 776 777 779 
3193 1508 1509 1514 
3194 1097 1098 1099 
3195 1657 1658 1664 
3196 1508 1509 1511 
3197 80 81 83 
3198 836 838 839 
3199 277 278 284 
3200 1005 1162 1163 
3201 722 740 743 
3202 1512 1694 1695 
3203 961 962 980 
3204 473 478 479 
3205 1657 1658 1659 
3206 489 490 491 
3207 80 81 87 
3208 489 490 499 
3209 625 632 639 
3210 644 650 651 
3211 1761 1762 1773 
3212 157 158 159 
3213 117 332 339 
3214 313 326 327 
3215 1622 1636 1639 
3216 784 785 790 
3217 309 334 343 
3218 1248 1301 1302 
3219 1008 1014 1015 
3220 1017 1018 1024 
3221 509 510 511 
3222 1661 1662 1663 
3223 769 774 783 
3224 1608 1609 1611 
3225 897 898 899 
3226 1641 1642 1643 
3227 1601 1612 1627 
3228 1608 1609 1614 
3229 1037 1038 1051 
3230 909 916 931 
3231 1677 1688 1691 
3232 341 342 348 
3233 1741 1742 1748 
3234 341 342 343 
3235 1641 1642 1652 
3236 769 774 775 
3237 1657 1668 1671 
3238 793 1180 1183 
3239 1028 1034 1035 
3240 1648 1649 1675 
3241 313 314 327 
3242 854 855 860 
3243 1761 1762 1763 
3244 1548 1549 1555 
3245 1610 1616 1619 
3246 560 563 568 
3247 757 768 775 
3248 1548 1549 1551 
3249 1621 1622 1623 
3250 20 23 126 
3251 226 236 239 
3252 120 121 194 
3253 1721 1722 1731 
3254 917 936 943 
3255 456 457 458 
3256 641 642 676 
3257 1057 1058 1069 
3258 374 380 383 
3259 696 702 848 
3260 305 306 307 
3261 712 713 715 
3262 712 713 719 
3263 1249 1250 1388 
3264 1637 1648 1651 
3265 128 131 471 
3266 412 413 418 
3267 156 157 162 
3268 412 413 415 
3269 1057 1058 1059 
3270 1701 1702 1703 
3271 945 952 959 
3272 869 874 927 
3273 1668 1669 1674 
3274 165 176 179 
3275 305 306 319 
3276 1593 1594 1600 
3277 420 421 423 
3278 420 421 427 
3279 5 171 471 
3280 408 411 414 
3281 465 479 543 
3282 577 582 659 
3283 1413 1414 1463 
3284 128 129 143 
3285 605 606 607 
3286 53 146 195 
3287 1293 1306 1307 
3288 493 500 633 
3289 156 157 159 
3290 1186 1187 1199 
3291 1037 1038 1039 
3292 524 527 532 
3293 313 314 1011 
3294 1180 1188 1195 
3295 128 129 131 
3296 48 54 55 
3297 165 176 191 
3298 352 358 1028 
3299 1356 1362 1588 
3300 1313 1320 1335 
3301 597 652 707 
3302 1588 1589 1590 
3303 1229 1230 1372 
3304 1588 1589 1594 
3305 1721 1722 1723 
3306 469 999 1176 
3307 1201 1214 1239 
3308 932 933 978 
3309 1560 1566 1567 
3310 710 716 719 
3311 41 42 51 
3312 1392 1398 1399 
3313 1153 1165 1166 
3314 244 246 247 
3315 1344 1345 1351 
3316 541 554 555 
3317 1405 1420 1435 
3318 387 390 399 
3319 1324 1325 1327 
3320 1 2 3 
3321 6 12 15 
3322 492 493 494 
3323 860 866 867 
3324 1176 1177 1182 
3325 217 224 469 
3326 1597 1602 1603 
3327 23 40 135 
3328 238 244 247 
3329 532 538 539 
3330 1528 1531 1534 
3331 1593 1604 1607 
3332 526 527 532 
3333 648 649 654 
3334 740 741 746 
3335 1324 1325 1330 
3336 648 649 651 
3337 692 696 697 
3338 813 836 859 
3339 653 660 715 
3340 1597 1602 1615 
3341 497 508 515 
3342 1109 1110 1111 
3343 497 508 511 
3344 1277 1282 1283 
3345 1446 1464 1467 
3346 1637 1644 1648 
3347 1109 1110 1119 
3348 241 242 371 
3349 505 506 519 
3350 572 574 575 
3351 1136 1137 1142 
3352 169 188 191 
3353 1 8 11 
3354 689 796 803 
3355 22 23 40 
3356 59 62 71 
3357 1 8 15 
3358 684 685 687 
3359 704 705 710 
3360 872 974 975 
3361 1156 1157 1178 
3362 1136 1137 1139 
3363 1749 1773 1774 
3364 1053 1094 1103 
3365 505 518 519 
3366 1 6 7 
3367 1124 1126 1127 
3368 1657 1664 1668 
3369 684 685 699 
3370 1116 1117 1122 
3371 1580 1586 1587 
3372 423 428 435 
3373 1601 1606 1627 
3374 84 85 119 
3375 925 926 932 
3376 718 728 731 
3377 1769 1774 1775 
3378 833 834 835 
3379 572 586 587 
3380 1669 1764 1765 
3381 457 794 1179 
3382 185 186 187 
3383 797 798 804 
3384 408 414 415 
3385 185 190 215 
3386 1590 1596 1599 
3387 416 417 1176 
3388 289 362 407 
3389 509 510 519 
3390 181 186 203 
3391 1097 1110 1119 
3392 1621 1626 1651 
3393 1304 1305 1343 
3394 325 1022 1023 
3395 1513 1520 1771 
3396 704 705 707 
3397 814 832 835 
3398 388 394 395 
3399 1116 1117 1119 
3400 220 221 227 
3401 41 42 43 
3402 220 221 223 
3403 705 710 719 
3404 56 59 62 
3405 1197 1198 1371 
3406 1641 1646 1647 
3407 1456 1459 1462 
3408 473 478 487 
3409 548 550 551 
3410 1069 1154 1155 
3411 285 290 335 
3412 1496 1502 1503 
3413 1642 1652 1655 
3414 320 321 323 
3415 1333 1344 1351 
3416 548 549 550 
3417 605 610 619 
3418 632 638 639 
3419 1333 1344 1347 
3420 622 640 643 
3421 1592 1593 1594 
3422 466 472 475 
3423 1473 1474 1475 
3424 1336 1337 1607 
3425 1553 1554 1619 
3426 817 824 831 
3427 1433 1559 1562 
3428 1049 1054 1063 
3429 1384 1385 1387 
3430 512 513 515 
3431 389 390 399 
3432 320 321 343 
3433 1165 1186 1367 
3434 389 390 391 
3435 676 677 703 
3436 548 549 570 
3437 1281 1294 1307 
3438 1384 1385 1390 
3439 1674 1772 1777 
3440 1641 1646 1659 
3441 1069 1154 1167 
3442 484 614 627 
3443 33 96 103 
3444 1602 1612 1615 
3445 493 633 675 
3446 48 49 54 
3447 1097 1098 1107 
3448 48 49 51 
3449 189 216 469 
3450 518 806 819 
3451 1205 1206 1207 
3452 392 393 394 
3453 733 734 748 
3454 1341 1354 1535 
3455 813 836 839 
3456 670 758 771 
3457 213 214 223 
3458 793 999 1183 
3459 44 45 147 
3460 544 550 551 
3461 1225 1226 1232 
3462 1444 1450 1451 
3463 609 610 619 
3464 32 38 39 
3465 138 144 150 
3466 174 180 183 
3467 733 734 735 
3468 1372 1378 1379 
3469 609 610 611 
3470 285 286 287 
3471 481 482 878 
3472 1125 1132 1139 
3473 1413 1446 1467 
3474 584 585 590 
3475 213 214 215 
3476 1688 1689 1702 
3477 1581 1720 1723 
3478 670 758 759 
3479 1677 1688 1703 
3480 697 812 851 
3481 1581 1720 1727 
3482 837 862 871 
3483 1568 1571 1574 
3484 1464 1470 1471 
3485 1557 1570 1571 
3486 470 471 483 
3487 590 596 599 
3488 73 84 119 
3489 256 257 291 
3490 1636 1638 1639 
3491 840 841 843 
3492 1009 1046 1071 
3493 1205 1206 1215 
3494 1249 1388 1527 
3495 1249 1302 1527 
3496 549 570 579 
3497 840 841 846 
3498 1352 1358 1359 
3499 1493 1494 1495 
3500 1344 1345 1347 
3501 153 174 183 
