nodes
0 0 374
1 123 374
2 123 499
3 0 499
4 0 249
5 123 249
6 123 373
7 0 373
8 124 374
9 248 374
10 248 499
11 124 499
12 124 342
13 153 342
14 153 373
15 124 373
16 124 326
17 137 326
18 137 341
19 124 341
20 124 311
21 137 311
22 137 325
23 124 325
24 138 326
25 153 326
26 153 341
27 138 341
28 138 311
29 153 311
30 153 325
31 138 325
32 154 357
33 168 357
34 168 373
35 154 373
36 154 342
37 168 342
38 168 356
39 154 356
40 169 357
41 185 357
42 185 373
43 169 373
44 169 349
45 176 349
46 176 356
47 169 356
48 169 342
49 176 342
50 176 348
51 169 348
52 177 349
53 185 349
54 185 356
55 177 356
56 177 342
57 185 342
58 185 348
59 177 348
60 154 326
61 168 326
62 168 341
63 154 341
64 154 311
65 168 311
66 168 325
67 154 325
68 169 326
69 185 326
70 185 341
71 169 341
72 169 311
73 185 311
74 185 325
75 169 325
76 124 302
77 129 302
78 129 310
79 124 310
80 124 294
81 129 294
82 129 301
83 124 301
84 130 302
85 137 302
86 137 310
87 130 310
88 130 294
89 137 294
90 137 301
91 130 301
92 124 279
93 137 279
94 137 293
95 124 293
96 138 294
97 153 294
98 153 310
99 138 310
100 138 279
101 153 279
102 153 293
103 138 293
104 124 263
105 137 263
106 137 278
107 124 278
108 124 249
109 137 249
110 137 262
111 124 262
112 138 263
113 153 263
114 153 278
115 138 278
116 138 249
117 153 249
118 153 262
119 138 262
120 154 279
121 185 279
122 185 310
123 154 310
124 154 263
125 168 263
126 168 278
127 154 278
128 154 249
129 168 249
130 168 262
131 154 262
132 169 263
133 185 263
134 185 278
135 169 278
136 169 255
137 176 255
138 176 262
139 169 262
140 169 249
141 176 249
142 176 254
143 169 254
144 177 255
145 185 255
146 185 262
147 177 262
148 177 249
149 185 249
150 185 254
151 177 254
152 186 357
153 200 357
154 200 373
155 186 373
156 186 342
157 200 342
158 200 356
159 186 356
160 201 357
161 216 357
162 216 373
163 201 373
164 201 342
165 216 342
166 216 356
167 201 356
168 186 311
169 216 311
170 216 341
171 186 341
172 217 357
173 231 357
174 231 373
175 217 373
176 217 342
177 231 342
178 231 356
179 217 356
180 232 357
181 248 357
182 248 373
183 232 373
184 232 349
185 239 349
186 239 356
187 232 356
188 232 342
189 239 342
190 239 348
191 232 348
192 240 349
193 248 349
194 248 356
195 240 356
196 240 342
197 248 342
198 248 348
199 240 348
200 217 326
201 231 326
202 231 341
203 217 341
204 217 311
205 231 311
206 231 325
207 217 325
208 232 333
209 239 333
210 239 341
211 232 341
212 232 326
213 239 326
214 239 332
215 232 332
216 240 333
217 248 333
218 248 341
219 240 341
220 240 326
221 248 326
222 248 332
223 240 332
224 232 311
225 248 311
226 248 325
227 232 325
228 186 279
229 216 279
230 216 310
231 186 310
232 186 263
233 200 263
234 200 278
235 186 278
236 186 249
237 200 249
238 200 262
239 186 262
240 201 263
241 216 263
242 216 278
243 201 278
244 201 249
245 216 249
246 216 262
247 201 262
248 217 279
249 248 279
250 248 310
251 217 310
252 217 263
253 231 263
254 231 278
255 217 278
256 217 249
257 231 249
258 231 262
259 217 262
260 232 270
261 239 270
262 239 278
263 232 278
264 232 263
265 239 263
266 239 269
267 232 269
268 240 270
269 248 270
270 248 278
271 240 278
272 240 263
273 248 263
274 248 269
275 240 269
276 232 255
277 239 255
278 239 262
279 232 262
280 232 249
281 239 249
282 239 254
283 232 254
284 240 255
285 248 255
286 248 262
287 240 262
288 240 249
289 248 249
290 248 254
291 240 254
292 0 186
293 60 186
294 60 248
295 0 248
296 0 124
297 60 124
298 60 185
299 0 185
300 61 186
301 123 186
302 123 248
303 61 248
304 61 154
305 91 154
306 91 185
307 61 185
308 61 124
309 91 124
310 91 153
311 61 153
312 92 154
313 123 154
314 123 185
315 92 185
316 92 138
317 106 138
318 106 153
319 92 153
320 92 124
321 106 124
322 106 137
323 92 137
324 107 138
325 123 138
326 123 153
327 107 153
328 107 130
329 114 130
330 114 137
331 107 137
332 107 124
333 114 124
334 114 129
335 107 129
336 115 130
337 123 130
338 123 137
339 115 137
340 115 124
341 123 124
342 123 129
343 115 129
344 0 92
345 29 92
346 29 123
347 0 123
348 0 61
349 29 61
350 29 91
351 0 91
352 30 107
353 44 107
354 44 123
355 30 123
356 30 92
357 44 92
358 44 106
359 30 106
360 45 107
361 60 107
362 60 123
363 45 123
364 45 92
365 60 92
366 60 106
367 45 106
368 30 76
369 44 76
370 44 91
371 30 91
372 30 61
373 44 61
374 44 75
375 30 75
376 45 76
377 60 76
378 60 91
379 45 91
380 45 61
381 60 61
382 60 75
383 45 75
384 0 0
385 60 0
386 60 60
387 0 60
388 61 115
389 67 115
390 67 123
391 61 123
392 61 107
393 67 107
394 67 114
395 61 114
396 68 115
397 75 115
398 75 123
399 68 123
400 68 107
401 75 107
402 75 114
403 68 114
404 61 92
405 75 92
406 75 106
407 61 106
408 76 115
409 82 115
410 82 123
411 76 123
412 76 107
413 82 107
414 82 114
415 76 114
416 83 115
417 91 115
418 91 123
419 83 123
420 83 107
421 91 107
422 91 114
423 83 114
424 76 92
425 91 92
426 91 106
427 76 106
428 61 76
429 75 76
430 75 91
431 61 91
432 61 61
433 75 61
434 75 75
435 61 75
436 76 76
437 91 76
438 91 91
439 76 91
440 76 61
441 91 61
442 91 75
443 76 75
444 92 107
445 106 107
446 106 123
447 92 123
448 92 92
449 106 92
450 106 106
451 92 106
452 107 115
453 114 115
454 114 123
455 107 123
456 107 107
457 114 107
458 114 114
459 107 114
460 115 115
461 123 115
462 123 123
463 115 123
464 115 107
465 123 107
466 123 114
467 115 114
468 107 92
469 123 92
470 123 106
471 107 106
472 92 61
473 123 61
474 123 91
475 92 91
476 61 45
477 75 45
478 75 60
479 61 60
480 61 30
481 75 30
482 75 44
483 61 44
484 76 45
485 91 45
486 91 60
487 76 60
488 76 30
489 91 30
490 91 44
491 76 44
492 61 0
493 91 0
494 91 29
495 61 29
496 92 45
497 106 45
498 106 60
499 92 60
500 92 30
501 106 30
502 106 44
503 92 44
504 107 52
505 114 52
506 114 60
507 107 60
508 107 45
509 114 45
510 114 51
511 107 51
512 115 52
513 123 52
514 123 60
515 115 60
516 115 45
517 123 45
518 123 51
519 115 51
520 107 30
521 123 30
522 123 44
523 107 44
524 92 0
525 123 0
526 123 29
527 92 29
528 124 124
529 248 124
530 248 248
531 124 248
532 124 115
533 129 115
534 129 123
535 124 123
536 124 107
537 129 107
538 129 114
539 124 114
540 130 115
541 137 115
542 137 123
543 130 123
544 130 107
545 137 107
546 137 114
547 130 114
548 124 92
549 137 92
550 137 106
551 124 106
552 138 115
553 144 115
554 144 123
555 138 123
556 138 107
557 144 107
558 144 114
559 138 114
560 145 115
561 153 115
562 153 123
563 145 123
564 145 107
565 153 107
566 153 114
567 145 114
568 138 92
569 153 92
570 153 106
571 138 106
572 124 76
573 137 76
574 137 91
575 124 91
576 124 61
577 137 61
578 137 75
579 124 75
580 138 76
581 153 76
582 153 91
583 138 91
584 138 61
585 153 61
586 153 75
587 138 75
588 154 107
589 168 107
590 168 123
591 154 123
592 154 92
593 168 92
594 168 106
595 154 106
596 169 107
597 185 107
598 185 123
599 169 123
600 169 92
601 185 92
602 185 106
603 169 106
604 154 76
605 168 76
606 168 91
607 154 91
608 154 61
609 168 61
610 168 75
611 154 75
612 169 76
613 185 76
614 185 91
615 169 91
616 169 61
617 185 61
618 185 75
619 169 75
620 124 45
621 137 45
622 137 60
623 124 60
624 124 30
625 137 30
626 137 44
627 124 44
628 138 45
629 153 45
630 153 60
631 138 60
632 138 30
633 153 30
634 153 44
635 138 44
636 124 0
637 153 0
638 153 29
639 124 29
640 154 30
641 185 30
642 185 60
643 154 60
644 154 0
645 185 0
646 185 29
647 154 29
648 186 61
649 248 61
650 248 123
651 186 123
652 186 0
653 248 0
654 248 60
655 186 60
656 249 374
657 373 374
658 373 499
659 249 499
660 249 342
661 278 342
662 278 373
663 249 373
664 249 326
665 262 326
666 262 341
667 249 341
668 249 311
669 262 311
670 262 325
671 249 325
672 263 326
673 278 326
674 278 341
675 263 341
676 263 311
677 278 311
678 278 325
679 263 325
680 279 342
681 310 342
682 310 373
683 279 373
684 279 311
685 310 311
686 310 341
687 279 341
688 249 294
689 262 294
690 262 310
691 249 310
692 249 279
693 262 279
694 262 293
695 249 293
696 263 302
697 269 302
698 269 310
699 263 310
700 263 294
701 269 294
702 269 301
703 263 301
704 270 302
705 278 302
706 278 310
707 270 310
708 270 294
709 278 294
710 278 301
711 270 301
712 263 279
713 278 279
714 278 293
715 263 293
716 249 263
717 262 263
718 262 278
719 249 278
720 249 249
721 262 249
722 262 262
723 249 262
724 263 263
725 278 263
726 278 278
727 263 278
728 263 249
729 278 249
730 278 262
731 263 262
732 279 279
733 310 279
734 310 310
735 279 310
736 279 249
737 310 249
738 310 278
739 279 278
740 311 311
741 373 311
742 373 373
743 311 373
744 311 249
745 373 249
746 373 310
747 311 310
748 374 374
749 499 374
750 499 499
751 374 499
752 374 249
753 499 249
754 499 373
755 374 373
756 249 186
757 310 186
758 310 248
759 249 248
760 249 124
761 310 124
762 310 185
763 249 185
764 311 186
765 373 186
766 373 248
767 311 248
768 311 154
769 341 154
770 341 185
771 311 185
772 311 124
773 341 124
774 341 153
775 311 153
776 342 154
777 373 154
778 373 185
779 342 185
780 342 138
781 356 138
782 356 153
783 342 153
784 342 124
785 356 124
786 356 137
787 342 137
788 357 145
789 364 145
790 364 153
791 357 153
792 357 138
793 364 138
794 364 144
795 357 144
796 365 145
797 373 145
798 373 153
799 365 153
800 365 138
801 373 138
802 373 144
803 365 144
804 357 130
805 364 130
806 364 137
807 357 137
808 357 124
809 364 124
810 364 129
811 357 129
812 365 130
813 373 130
814 373 137
815 365 137
816 365 124
817 373 124
818 373 129
819 365 129
820 249 61
821 310 61
822 310 123
823 249 123
824 249 0
825 310 0
826 310 60
827 249 60
828 311 92
829 341 92
830 341 123
831 311 123
832 311 61
833 341 61
834 341 91
835 311 91
836 342 115
837 348 115
838 348 123
839 342 123
840 342 107
841 348 107
842 348 114
843 342 114
844 349 115
845 356 115
846 356 123
847 349 123
848 349 107
849 356 107
850 356 114
851 349 114
852 342 92
853 356 92
854 356 106
855 342 106
856 357 107
857 373 107
858 373 123
859 357 123
860 357 92
861 373 92
862 373 106
863 357 106
864 342 76
865 356 76
866 356 91
867 342 91
868 342 61
869 356 61
870 356 75
871 342 75
872 357 76
873 373 76
874 373 91
875 357 91
876 357 68
877 364 68
878 364 75
879 357 75
880 357 61
881 364 61
882 364 67
883 357 67
884 365 68
885 373 68
886 373 75
887 365 75
888 365 61
889 373 61
890 373 67
891 365 67
892 311 0
893 373 0
894 373 60
895 311 60
896 374 186
897 435 186
898 435 248
899 374 248
900 374 154
901 403 154
902 403 185
903 374 185
904 374 138
905 387 138
906 387 153
907 374 153
908 374 124
909 387 124
910 387 137
911 374 137
912 388 138
913 403 138
914 403 153
915 388 153
916 388 124
917 403 124
918 403 137
919 388 137
920 404 154
921 435 154
922 435 185
923 404 185
924 404 138
925 418 138
926 418 153
927 404 153
928 404 124
929 418 124
930 418 137
931 404 137
932 419 145
933 426 145
934 426 153
935 419 153
936 419 138
937 426 138
938 426 144
939 419 144
940 427 145
941 435 145
942 435 153
943 427 153
944 427 138
945 435 138
946 435 144
947 427 144
948 419 124
949 435 124
950 435 137
951 419 137
952 436 186
953 499 186
954 499 248
955 436 248
956 436 154
957 466 154
958 466 185
959 436 185
960 436 138
961 450 138
962 450 153
963 436 153
964 436 124
965 450 124
966 450 137
967 436 137
968 451 138
969 466 138
970 466 153
971 451 153
972 451 124
973 466 124
974 466 137
975 451 137
976 467 154
977 499 154
978 499 185
979 467 185
980 467 124
981 499 124
982 499 153
983 467 153
984 374 92
985 403 92
986 403 123
987 374 123
988 374 76
989 387 76
990 387 91
991 374 91
992 374 61
993 387 61
994 387 75
995 374 75
996 388 76
997 403 76
998 403 91
999 388 91
1000 388 61
1001 403 61
1002 403 75
1003 388 75
1004 404 92
1005 435 92
1006 435 123
1007 404 123
1008 404 76
1009 418 76
1010 418 91
1011 404 91
1012 404 61
1013 418 61
1014 418 75
1015 404 75
1016 419 76
1017 435 76
1018 435 91
1019 419 91
1020 419 68
1021 426 68
1022 426 75
1023 419 75
1024 419 61
1025 426 61
1026 426 67
1027 419 67
1028 427 68
1029 435 68
1030 435 75
1031 427 75
1032 427 61
1033 435 61
1034 435 67
1035 427 67
1036 374 45
1037 387 45
1038 387 60
1039 374 60
1040 374 30
1041 387 30
1042 387 44
1043 374 44
1044 388 45
1045 403 45
1046 403 60
1047 388 60
1048 388 30
1049 403 30
1050 403 44
1051 388 44
1052 374 0
1053 403 0
1054 403 29
1055 374 29
1056 404 45
1057 418 45
1058 418 60
1059 404 60
1060 404 30
1061 418 30
1062 418 44
1063 404 44
1064 419 52
1065 426 52
1066 426 60
1067 419 60
1068 419 45
1069 426 45
1070 426 51
1071 419 51
1072 427 52
1073 435 52
1074 435 60
1075 427 60
1076 427 45
1077 435 45
1078 435 51
1079 427 51
1080 419 30
1081 435 30
1082 435 44
1083 419 44
1084 404 0
1085 435 0
1086 435 29
1087 404 29
1088 436 107
1089 450 107
1090 450 123
1091 436 123
1092 436 92
1093 450 92
1094 450 106
1095 436 106
1096 451 115
1097 457 115
1098 457 123
1099 451 123
1100 451 107
1101 457 107
1102 457 114
1103 451 114
1104 458 115
1105 466 115
1106 466 123
1107 458 123
1108 458 107
1109 466 107
1110 466 114
1111 458 114
1112 451 92
1113 466 92
1114 466 106
1115 451 106
1116 436 76
1117 450 76
1118 450 91
1119 436 91
1120 436 61
1121 450 61
1122 450 75
1123 436 75
1124 451 76
1125 466 76
1126 466 91
1127 451 91
1128 451 61
1129 466 61
1130 466 75
1131 451 75
1132 467 92
1133 499 92
1134 499 123
1135 467 123
1136 467 61
1137 499 61
1138 499 91
1139 467 91
1140 436 0
1141 499 0
1142 499 60
1143 436 60
elements
0 549 574 575 
1 828 829 835 
2 897 898 923 
3 1092 1118 1119 
4 973 980 1135 
5 284 285 290 
6 245 256 259 
7 566 588 589 
8 529 650 651 
9 862 984 990 
10 256 257 283 
11 787 838 847 
12 780 781 786 
13 480 481 495 
14 581 582 583 
15 352 358 359 
16 853 854 860 
17 1014 1020 1023 
18 25 26 27 
19 16 17 23 
20 342 534 543 
21 556 557 571 
22 753 954 955 
23 61 66 75 
24 1041 1048 1052 
25 774 780 783 
26 69 74 207 
27 20 23 78 
28 153 160 163 
29 881 882 888 
30 1009 1014 1023 
31 964 1090 1091 
32 926 927 932 
33 284 285 287 
34 153 160 167 
35 480 481 483 
36 881 882 883 
37 89 90 96 
38 797 906 907 
39 673 678 685 
40 309 418 419 
41 584 585 587 
42 89 90 91 
43 545 556 559 
44 578 584 587 
45 217 666 667 
46 465 466 539 
47 673 678 679 
48 88 92 93 
49 828 829 855 
50 856 857 863 
51 357 358 359 
52 108 109 531 
53 338 542 555 
54 309 418 447 
55 853 866 875 
56 549 574 583 
57 796 797 802 
58 545 556 571 
59 85 98 99 
60 341 462 535 
61 413 424 427 
62 446 452 455 
63 357 358 364 
64 780 781 795 
65 125 132 135 
66 556 557 559 
67 125 132 139 
68 969 974 981 
69 1069 1080 1083 
70 53 58 157 
71 465 536 551 
72 77 78 84 
73 493 494 527 
74 496 497 511 
75 113 124 131 
76 952 958 959 
77 25 26 63 
78 52 53 55 
79 244 245 756 
80 688 689 695 
81 8 14 15 
82 52 53 58 
83 825 826 895 
84 849 850 851 
85 450 468 471 
86 361 366 407 
87 282 288 291 
88 849 850 856 
89 382 432 435 
90 789 794 803 
91 485 496 503 
92 417 422 459 
93 692 693 719 
94 453 460 467 
95 388 389 394 
96 6 7 12 
97 549 550 568 
98 388 389 391 
99 897 952 955 
100 7 16 23 
101 532 534 535 
102 530 756 759 
103 897 952 959 
104 262 263 695 
105 869 880 883 
106 801 814 911 
107 565 570 595 
108 20 23 294 
109 1017 1116 1123 
110 741 754 955 
111 7 16 19 
112 200 208 215 
113 16 17 19 
114 445 450 471 
115 465 536 539 
116 597 598 651 
117 392 393 407 
118 897 898 955 
119 168 169 231 
120 506 515 579 
121 311 316 398 
122 865 870 879 
123 1017 1116 1119 
124 820 826 827 
125 831 840 843 
126 1049 1054 1087 
127 236 301 756 
128 885 993 994 
129 129 140 301 
130 793 794 800 
131 277 282 291 
132 500 501 527 
133 241 246 247 
134 303 306 315 
135 781 786 807 
136 922 934 943 
137 729 730 731 
138 311 390 399 
139 604 605 607 
140 641 653 654 
141 332 333 335 
142 108 109 111 
143 800 801 814 
144 61 62 71 
145 277 282 283 
146 323 410 419 
147 833 868 871 
148 705 734 735 
149 121 122 135 
150 323 410 411 
151 304 305 311 
152 849 854 863 
153 421 422 423 
154 801 904 911 
155 604 605 610 
156 800 801 803 
157 136 137 139 
158 136 137 143 
159 61 62 63 
160 36 62 63 
161 464 468 469 
162 713 732 739 
163 22 28 31 
164 708 713 714 
165 877 882 883 
166 135 138 147 
167 121 134 135 
168 429 430 431 
169 441 472 499 
170 308 311 390 
171 304 305 307 
172 626 632 635 
173 168 169 207 
174 5 302 531 
175 196 197 218 
176 1105 1110 1134 
177 922 934 935 
178 429 430 439 
179 593 606 615 
180 489 494 527 
181 496 497 502 
182 128 131 136 
183 488 492 493 
184 1080 1081 1086 
185 717 722 731 
186 124 130 131 
187 442 498 507 
188 113 124 127 
189 229 248 255 
190 473 514 515 
191 801 802 904 
192 257 280 756 
193 229 248 251 
194 421 422 444 
195 729 730 736 
196 164 165 167 
197 877 882 891 
198 397 402 415 
199 932 933 935 
200 957 958 979 
201 164 165 170 
202 932 933 939 
203 721 722 731 
204 717 722 723 
205 957 958 971 
206 89 96 103 
207 348 349 387 
208 1049 1050 1060 
209 109 301 531 
210 17 24 27 
211 765 896 903 
212 200 201 206 
213 250 688 691 
214 1014 1015 1020 
215 774 775 780 
216 232 238 239 
217 192 193 195 
218 397 402 403 
219 1025 1066 1075 
220 904 905 911 
221 192 193 198 
222 985 986 999 
223 1049 1050 1051 
224 816 817 858 
225 589 590 599 
226 956 959 962 
227 348 349 375 
228 976 977 978 
229 1096 1097 1099 
230 1129 1130 1131 
231 57 156 171 
232 349 384 495 
233 1129 1130 1136 
234 225 668 691 
235 312 315 318 
236 326 554 563 
237 376 377 383 
238 1053 1084 1087 
239 557 564 567 
240 557 564 568 
241 825 826 827 
242 200 201 215 
243 765 766 899 
244 1025 1066 1067 
245 976 977 983 
246 281 282 283 
247 960 961 966 
248 193 198 666 
249 772 775 780 
250 1109 1133 1134 
251 500 501 503 
252 697 702 711 
253 844 845 851 
254 948 1006 1088 
255 553 554 555 
256 72 122 135 
257 130 131 136 
258 360 361 367 
259 541 546 559 
260 632 633 638 
261 1056 1059 1064 
262 20 79 303 
263 385 492 495 
264 632 633 635 
265 1040 1041 1055 
266 985 998 999 
267 893 1052 1055 
268 281 282 288 
269 844 845 847 
270 241 246 259 
271 249 270 719 
272 1120 1121 1143 
273 903 906 915 
274 349 372 495 
275 541 546 547 
276 553 554 560 
277 68 69 75 
278 299 304 346 
279 1040 1041 1042 
280 17 24 31 
281 834 835 864 
282 989 996 999 
283 565 566 588 
284 1097 1102 1111 
285 560 566 567 
286 1112 1113 1127 
287 190 196 199 
288 266 272 275 
289 468 474 572 
290 13 27 39 
291 97 98 123 
292 1108 1112 1113 
293 884 890 891 
294 1001 1046 1059 
295 1025 1032 1075 
296 792 793 795 
297 373 374 375 
298 841 842 851 
299 797 798 907 
300 633 640 647 
301 816 817 818 
302 572 573 575 
303 572 573 579 
304 501 520 524 
305 656 659 662 
306 669 670 676 
307 373 374 380 
308 765 896 899 
309 596 597 599 
310 848 852 853 
311 917 918 919 
312 293 294 295 
313 896 899 902 
314 565 566 567 
315 109 116 119 
316 1125 1138 1139 
317 36 39 44 
318 1000 1001 1003 
319 28 29 31 
320 837 838 844 
321 1016 1019 1022 
322 736 737 758 
323 464 465 470 
324 1024 1025 1027 
325 284 290 291 
326 241 242 255 
327 464 465 467 
328 677 684 735 
329 905 912 919 
330 41 152 159 
331 921 956 959 
332 440 441 443 
333 905 912 915 
334 360 361 395 
335 41 152 155 
336 781 792 795 
337 1093 1094 1112 
338 712 713 727 
339 926 932 935 
340 1001 1046 1047 
341 601 649 650 
342 72 97 135 
343 761 822 831 
344 841 842 843 
345 296 346 347 
346 790 796 799 
347 941 962 963 
348 901 914 927 
349 490 500 503 
350 689 700 703 
351 745 766 767 
352 28 29 99 
353 624 626 627 
354 649 654 827 
355 868 869 883 
356 513 621 622 
357 925 930 951 
358 689 700 715 
359 1089 1094 1115 
360 685 740 747 
361 172 178 179 
362 698 704 707 
363 837 838 839 
364 237 238 247 
365 327 330 339 
366 408 409 414 
367 665 672 679 
368 681 742 743 
369 408 409 411 
370 410 416 419 
371 665 672 675 
372 1056 1057 1062 
373 1064 1065 1071 
374 581 582 607 
375 870 876 879 
376 937 944 948 
377 268 269 271 
378 529 760 763 
379 81 88 91 
380 81 88 92 
381 268 269 274 
382 401 412 427 
383 312 318 319 
384 1000 1001 1047 
385 296 299 346 
386 1085 1086 1140 
387 225 226 668 
388 697 698 699 
389 38 44 47 
390 1093 1112 1127 
391 1056 1057 1071 
392 1009 1010 1011 
393 796 802 803 
394 1064 1065 1067 
395 1065 1070 1071 
396 809 810 816 
397 440 441 487 
398 1009 1010 1019 
399 401 412 415 
400 809 810 811 
401 573 580 583 
402 1065 1070 1079 
403 133 232 239 
404 985 986 1007 
405 889 992 1039 
406 228 234 235 
407 272 286 287 
408 1057 1062 1083 
409 777 798 799 
410 422 445 459 
411 465 470 551 
412 573 580 587 
413 133 232 235 
414 540 541 547 
415 94 100 103 
416 132 135 138 
417 974 975 1107 
418 196 218 219 
419 417 418 419 
420 540 541 543 
421 201 206 227 
422 1128 1129 1131 
423 13 36 63 
424 301 314 315 
425 315 318 327 
426 320 321 446 
427 534 540 543 
428 616 617 619 
429 1097 1104 1111 
430 1005 1092 1119 
431 1065 1072 1079 
432 205 224 263 
433 417 446 452 
434 896 902 903 
435 908 909 987 
436 249 692 695 
437 145 238 239 
438 768 769 775 
439 768 769 771 
440 997 1008 1011 
441 417 446 447 
442 433 434 435 
443 885 886 995 
444 812 813 815 
445 901 902 915 
446 812 813 818 
447 569 592 607 
448 105 106 107 
449 588 594 595 
450 736 757 758 
451 985 998 1011 
452 169 230 231 
453 193 194 666 
454 1113 1132 1139 
455 632 637 638 
456 320 446 447 
457 620 621 627 
458 909 910 919 
459 324 327 330 
460 924 927 932 
461 269 717 718 
462 21 22 28 
463 253 258 279 
464 489 490 500 
465 901 902 923 
466 937 948 951 
467 105 106 115 
468 1101 1112 1115 
469 964 965 1090 
470 206 224 227 
471 321 332 335 
472 344 345 351 
473 901 914 915 
474 705 706 707 
475 344 345 359 
476 616 617 642 
477 692 693 694 
478 510 516 519 
479 169 230 251 
480 310 311 316 
481 11 14 35 
482 241 242 243 
483 424 425 439 
484 104 111 303 
485 513 514 515 
486 405 430 439 
487 857 916 999 
488 181 662 663 
489 829 852 867 
490 209 214 223 
491 616 629 634 
492 581 586 587 
493 73 74 75 
494 884 885 890 
495 326 327 339 
496 705 706 735 
497 1125 1126 1139 
498 672 673 679 
499 317 318 319 
500 212 213 215 
501 672 673 675 
502 1116 1122 1123 
503 773 784 839 
504 733 745 746 
505 7 23 294 
506 701 708 711 
507 701 708 712 
508 741 746 955 
509 209 214 215 
510 305 312 319 
511 364 365 379 
512 185 190 199 
513 769 770 779 
514 884 885 887 
515 305 312 315 
516 964 965 966 
517 973 974 980 
518 13 36 39 
519 317 318 327 
520 185 190 191 
521 1136 1141 1142 
522 45 52 59 
523 212 213 227 
524 116 117 301 
525 917 918 931 
526 433 434 440 
527 364 365 367 
528 777 778 799 
529 997 1008 1015 
530 933 938 947 
531 249 270 271 
532 769 770 771 
533 337 338 542 
534 301 302 315 
535 161 162 163 
536 645 646 652 
537 21 22 87 
538 36 44 51 
539 65 66 67 
540 829 852 855 
541 181 662 675 
542 821 832 895 
543 433 478 487 
544 813 814 911 
545 65 66 72 
546 274 716 717 
547 161 162 175 
548 933 938 939 
549 1125 1126 1127 
550 152 153 158 
551 152 153 155 
552 137 138 147 
553 204 205 251 
554 336 337 339 
555 88 93 94 
556 677 678 707 
557 202 208 211 
558 10 162 175 
559 1101 1102 1111 
560 649 650 823 
561 228 231 234 
562 877 878 887 
563 121 228 231 
564 497 502 523 
565 905 906 915 
566 121 228 235 
567 560 561 566 
568 137 138 139 
569 834 864 867 
570 857 909 916 
571 560 561 563 
572 1045 1046 1047 
573 1073 1121 1143 
574 344 347 352 
575 816 845 850 
576 902 903 915 
577 10 162 163 
578 453 458 467 
579 254 260 263 
580 872 878 879 
581 916 986 999 
582 428 434 435 
583 1089 1100 1115 
584 833 892 1055 
585 53 54 55 
586 945 950 967 
587 358 364 367 
588 1045 1046 1059 
589 797 905 906 
590 833 868 1055 
591 1089 1100 1103 
592 333 334 335 
593 777 798 907 
594 532 533 534 
595 333 334 340 
596 1025 1026 1027 
597 621 626 635 
598 816 857 858 
599 380 386 476 
600 685 734 735 
601 581 586 611 
602 85 86 87 
603 532 533 538 
604 1056 1062 1063 
605 670 676 679 
606 885 890 993 
607 15 18 32 
608 900 906 907 
609 232 233 235 
610 874 875 887 
611 232 233 238 
612 948 949 1006 
613 765 778 903 
614 661 662 683 
615 685 734 747 
616 729 736 756 
617 505 512 519 
618 761 772 831 
619 322 323 328 
620 380 476 483 
621 830 836 839 
622 329 330 339 
623 1025 1026 1032 
624 341 528 535 
625 885 994 995 
626 316 323 411 
627 649 820 827 
628 661 674 675 
629 745 746 752 
630 996 997 1003 
631 764 770 771 
632 913 918 919 
633 69 70 171 
634 685 686 740 
635 176 177 191 
636 281 288 756 
637 661 662 675 
638 501 524 527 
639 1121 1122 1128 
640 417 418 447 
641 1029 1122 1123 
642 749 754 755 
643 460 466 467 
644 925 936 939 
645 661 674 687 
646 916 917 919 
647 27 32 39 
648 268 274 275 
649 1050 1060 1063 
650 100 101 115 
651 148 149 150 
652 293 298 299 
653 1108 1109 1111 
654 1108 1109 1114 
655 629 630 643 
656 1096 1097 1102 
657 65 97 123 
658 773 784 787 
659 325 326 339 
660 717 718 727 
661 805 812 819 
662 464 469 470 
663 805 812 815 
664 860 861 863 
665 400 401 403 
666 400 401 406 
667 476 477 482 
668 613 618 619 
669 476 477 479 
670 132 138 139 
671 148 150 151 
672 629 630 631 
673 185 192 199 
674 649 820 823 
675 185 192 195 
676 97 102 135 
677 938 944 947 
678 777 900 903 
679 269 274 717 
680 570 592 595 
681 789 790 796 
682 789 790 791 
683 777 900 907 
684 1101 1102 1103 
685 329 330 331 
686 860 861 875 
687 877 878 879 
688 869 880 1043 
689 925 936 951 
690 173 178 187 
691 353 360 363 
692 445 456 471 
693 637 644 647 
694 857 909 987 
695 1062 1080 1083 
696 93 106 115 
697 824 825 827 
698 993 1000 1047 
699 280 281 283 
700 1028 1029 1034 
701 1005 1019 1095 
702 1017 1030 1123 
703 976 978 979 
704 669 690 691 
705 1028 1029 1031 
706 353 360 367 
707 489 500 527 
708 77 84 91 
709 831 836 843 
710 1117 1118 1127 
711 332 333 455 
712 985 1004 1011 
713 720 721 759 
714 313 590 591 
715 972 1098 1099 
716 209 210 216 
717 313 326 562 
718 873 874 991 
719 329 334 343 
720 121 134 235 
721 1088 1089 1103 
722 609 616 629 
723 485 496 499 
724 913 914 915 
725 350 351 368 
726 425 438 475 
727 924 932 939 
728 112 113 115 
729 592 606 607 
730 949 950 967 
731 873 988 991 
732 597 598 599 
733 209 210 211 
734 1117 1118 1119 
735 112 113 119 
736 832 835 864 
737 1056 1064 1071 
738 669 690 699 
739 577 584 631 
740 873 988 995 
741 777 778 903 
742 913 914 927 
743 1048 1053 1054 
744 176 202 203 
745 1008 1009 1011 
746 457 458 459 
747 24 25 27 
748 349 384 387 
749 509 520 523 
750 756 757 762 
751 161 166 167 
752 400 405 406 
753 728 729 756 
754 1008 1009 1014 
755 852 853 866 
756 793 794 795 
757 1086 1136 1141 
758 173 174 175 
759 93 106 107 
760 205 254 263 
761 184 185 191 
762 1122 1128 1131 
763 629 634 635 
764 24 25 31 
765 974 980 981 
766 613 614 615 
767 513 518 621 
768 256 276 283 
769 102 126 135 
770 616 634 641 
771 329 334 335 
772 161 166 179 
773 985 1004 1007 
774 49 50 56 
775 140 141 143 
776 173 174 183 
777 1104 1105 1110 
778 665 670 679 
779 659 682 743 
780 49 50 51 
781 822 828 831 
782 184 185 187 
783 314 315 327 
784 921 956 963 
785 833 892 895 
786 665 670 671 
787 769 776 779 
788 621 626 627 
789 957 970 983 
790 85 86 99 
791 728 729 731 
792 344 352 359 
793 941 942 963 
794 477 484 491 
795 889 890 992 
796 252 255 260 
797 760 768 775 
798 165 170 203 
799 213 220 224 
800 593 594 600 
801 708 712 713 
802 317 324 327 
803 957 970 971 
804 477 484 487 
805 1092 1093 1118 
806 802 904 905 
807 29 98 123 
808 73 168 231 
809 58 156 157 
810 293 294 303 
811 406 424 427 
812 397 398 408 
813 646 652 653 
814 1029 1030 1123 
815 336 342 343 
816 816 818 819 
817 346 352 355 
818 317 324 331 
819 517 518 620 
820 76 77 78 
821 613 614 649 
822 453 458 459 
823 76 77 82 
824 941 942 943 
825 29 98 99 
826 993 1038 1047 
827 165 166 176 
828 313 314 590 
829 428 429 434 
830 165 166 167 
831 428 429 431 
832 888 889 894 
833 465 466 467 
834 1088 1091 1096 
835 244 245 247 
836 349 372 375 
837 121 122 231 
838 1125 1137 1138 
839 816 850 857 
840 888 889 891 
841 688 689 703 
842 377 428 431 
843 993 1038 1039 
844 377 428 435 
845 164 170 200 
846 518 620 621 
847 473 576 623 
848 104 105 107 
849 1114 1132 1133 
850 272 273 286 
851 593 594 595 
852 53 54 159 
853 1113 1126 1127 
854 409 416 423 
855 785 846 847 
856 862 990 999 
857 397 398 399 
858 105 110 111 
859 265 278 287 
860 1070 1076 1079 
861 105 110 119 
862 309 320 447 
863 820 821 826 
864 568 569 583 
865 13 26 27 
866 272 273 275 
867 265 278 279 
868 1113 1126 1139 
869 1032 1033 1074 
870 9 182 663 
871 1124 1125 1127 
872 101 102 103 
873 785 811 847 
874 72 73 122 
875 1012 1013 1027 
876 506 507 579 
877 101 114 115 
878 76 82 83 
879 681 686 741 
880 780 786 787 
881 293 298 307 
882 820 821 835 
883 696 697 702 
884 725 737 738 
885 589 594 603 
886 1124 1125 1131 
887 376 377 379 
888 617 618 619 
889 177 202 211 
890 393 394 403 
891 838 844 847 
892 425 426 448 
893 624 625 639 
894 889 890 891 
895 659 662 683 
896 605 612 615 
897 481 492 495 
898 442 472 498 
899 605 612 619 
900 1005 1092 1095 
901 85 90 97 
902 265 266 272 
903 769 776 783 
904 101 102 120 
905 762 768 771 
906 785 846 859 
907 624 625 626 
908 789 794 795 
909 85 90 91 
910 1104 1105 1107 
911 40 46 47 
912 269 270 719 
913 214 220 223 
914 254 255 260 
915 233 234 243 
916 66 72 75 
917 782 783 788 
918 436 437 443 
919 432 433 435 
920 940 946 947 
921 1012 1013 1058 
922 678 684 685 
923 12 15 18 
924 265 266 267 
925 56 57 70 
926 258 259 276 
927 197 198 660 
928 752 898 899 
929 1041 1052 1055 
930 425 438 439 
931 457 458 467 
932 972 975 1098 
933 117 128 131 
934 137 142 151 
935 436 437 439 
936 933 940 947 
937 92 95 303 
938 745 766 899 
939 369 370 379 
940 14 15 32 
941 369 370 371 
942 104 107 303 
943 1048 1049 1051 
944 245 256 756 
945 1032 1074 1075 
946 1048 1049 1054 
947 73 74 168 
948 873 886 995 
949 961 968 971 
950 231 234 243 
951 597 602 650 
952 137 142 143 
953 989 994 1003 
954 506 512 515 
955 804 811 847 
956 961 968 975 
957 445 456 459 
958 701 712 715 
959 128 129 301 
960 1090 1096 1099 
961 104 105 111 
962 233 234 235 
963 528 534 535 
964 632 636 637 
965 413 420 423 
966 621 622 631 
967 413 420 424 
968 585 586 608 
969 285 722 723 
970 33 34 43 
971 965 972 975 
972 158 164 167 
973 496 502 503 
974 537 548 551 
975 92 93 107 
976 325 338 339 
977 1080 1084 1085 
978 421 426 451 
979 432 433 478 
980 796 797 799 
981 941 946 961 
982 17 18 19 
983 33 34 35 
984 50 56 59 
985 1012 1015 1020 
986 885 886 887 
987 688 691 696 
988 692 694 695 
989 900 903 906 
990 760 761 775 
991 1 6 15 
992 1077 1121 1128 
993 133 134 147 
994 757 762 771 
995 552 558 559 
996 784 838 839 
997 365 366 367 
998 1072 1073 1078 
999 628 629 631 
1000 1072 1073 1075 
1001 628 629 635 
1002 713 726 739 
1003 989 990 991 
1004 297 311 363 
1005 613 618 649 
1006 372 373 375 
1007 276 277 279 
1008 561 590 591 
1009 561 589 590 
1010 988 989 995 
1011 1058 1059 1064 
1012 369 374 383 
1013 988 989 991 
1014 1068 1069 1083 
1015 345 356 359 
1016 56 57 59 
1017 348 368 375 
1018 149 236 301 
1019 17 18 27 
1020 256 259 276 
1021 772 780 787 
1022 553 558 567 
1023 276 277 283 
1024 150 236 237 
1025 597 602 603 
1026 973 974 1107 
1027 210 216 219 
1028 564 569 570 
1029 792 793 807 
1030 1068 1069 1071 
1031 361 366 367 
1032 778 779 791 
1033 386 476 479 
1034 517 522 627 
1035 664 665 671 
1036 145 237 238 
1037 945 946 960 
1038 929 948 951 
1039 1016 1022 1023 
1040 288 289 530 
1041 1086 1140 1141 
1042 381 432 479 
1043 93 94 100 
1044 1001 1012 1059 
1045 263 688 695 
1046 1057 1068 1083 
1047 724 725 727 
1048 13 26 63 
1049 468 469 474 
1050 542 552 555 
1051 736 756 757 
1052 737 744 767 
1053 1032 1033 1035 
1054 333 454 455 
1055 204 205 207 
1056 813 814 815 
1057 868 876 883 
1058 880 881 1036 
1059 1012 1058 1059 
1060 345 356 371 
1061 1057 1068 1071 
1062 989 990 999 
1063 557 558 567 
1064 1088 1089 1094 
1065 738 744 745 
1066 252 260 267 
1067 945 946 947 
1068 1076 1080 1081 
1069 333 454 463 
1070 301 314 651 
1071 368 374 375 
1072 133 146 147 
1073 596 597 603 
1074 541 552 559 
1075 437 468 507 
1076 213 224 227 
1077 240 241 247 
1078 1065 1066 1067 
1079 240 241 243 
1080 7 12 19 
1081 832 864 871 
1082 916 917 986 
1083 33 38 47 
1084 257 280 283 
1085 513 514 623 
1086 730 736 737 
1087 617 618 648 
1088 557 558 559 
1089 336 337 342 
1090 776 779 782 
1091 1026 1032 1035 
1092 262 271 695 
1093 724 725 731 
1094 1065 1066 1072 
1095 1098 1104 1107 
1096 461 462 463 
1097 689 694 715 
1098 756 762 763 
1099 429 434 443 
1100 43 46 55 
1101 233 238 247 
1102 865 872 875 
1103 997 998 1011 
1104 325 554 555 
1105 829 834 835 
1106 113 114 127 
1107 865 872 879 
1108 76 78 79 
1109 709 710 711 
1110 1061 1084 1087 
1111 413 414 415 
1112 116 117 119 
1113 298 304 307 
1114 1 2 11 
1115 369 376 383 
1116 496 499 504 
1117 113 114 115 
1118 441 486 487 
1119 704 710 711 
1120 989 996 1003 
1121 217 218 219 
1122 340 341 342 
1123 261 266 267 
1124 416 417 419 
1125 89 94 103 
1126 409 410 416 
1127 269 270 271 
1128 996 997 999 
1129 334 340 343 
1130 441 486 499 
1131 265 272 287 
1132 533 538 547 
1133 696 702 703 
1134 787 804 847 
1135 529 651 763 
1136 1066 1072 1075 
1137 829 834 867 
1138 188 189 211 
1139 81 82 91 
1140 521 522 624 
1141 679 698 707 
1142 433 440 487 
1143 9 656 663 
1144 381 382 432 
1145 469 474 575 
1146 144 145 147 
1147 968 969 971 
1148 968 969 975 
1149 416 417 422 
1150 521 624 639 
1151 828 840 855 
1152 9 656 659 
1153 809 816 845 
1154 797 798 799 
1155 857 862 863 
1156 837 844 851 
1157 109 110 119 
1158 245 246 247 
1159 409 410 411 
1160 502 520 523 
1161 109 110 111 
1162 901 920 927 
1163 172 173 175 
1164 308 390 391 
1165 713 714 732 
1166 923 926 935 
1167 965 966 975 
1168 689 694 695 
1169 696 697 699 
1170 1021 1028 1035 
1171 716 717 723 
1172 668 670 671 
1173 1021 1028 1031 
1174 245 246 259 
1175 172 173 178 
1176 912 913 919 
1177 537 544 548 
1178 537 544 547 
1179 72 73 75 
1180 92 107 303 
1181 681 682 743 
1182 273 274 275 
1183 669 676 699 
1184 713 726 727 
1185 61 68 71 
1186 144 145 150 
1187 11 34 43 
1188 741 742 755 
1189 721 756 759 
1190 875 878 887 
1191 940 941 946 
1192 668 669 691 
1193 640 641 647 
1194 766 767 779 
1195 934 940 943 
1196 61 68 75 
1197 940 941 943 
1198 183 186 195 
1199 237 244 247 
1200 634 640 641 
1201 697 704 711 
1202 426 448 451 
1203 509 516 520 
1204 444 445 450 
1205 760 822 823 
1206 676 679 698 
1207 989 994 995 
1208 901 920 923 
1209 209 216 223 
1210 841 848 851 
1211 592 593 595 
1212 797 802 905 
1213 665 666 675 
1214 841 848 852 
1215 11 34 35 
1216 864 865 867 
1217 920 923 926 
1218 365 378 379 
1219 20 78 79 
1220 320 323 328 
1221 1058 1064 1067 
1222 441 442 443 
1223 261 266 275 
1224 517 620 627 
1225 686 740 741 
1226 69 74 75 
1227 780 783 788 
1228 37 62 71 
1229 401 406 427 
1230 912 913 915 
1231 1092 1093 1095 
1232 808 809 859 
1233 1109 1114 1133 
1234 612 613 615 
1235 872 875 878 
1236 393 394 395 
1237 141 142 148 
1238 612 613 619 
1239 864 865 870 
1240 561 566 589 
1241 929 1007 1010 
1242 413 414 423 
1243 744 745 767 
1244 1049 1060 1087 
1245 369 376 379 
1246 141 142 143 
1247 984 990 991 
1248 1117 1122 1131 
1249 180 183 186 
1250 564 565 570 
1251 536 537 551 
1252 836 837 839 
1253 1081 1129 1136 
1254 564 565 567 
1255 189 196 219 
1256 657 742 755 
1257 656 662 663 
1258 772 773 787 
1259 573 574 583 
1260 17 22 23 
1261 45 46 55 
1262 861 862 863 
1263 53 157 158 
1264 870 871 876 
1265 1060 1061 1063 
1266 836 837 842 
1267 573 574 575 
1268 561 562 563 
1269 892 893 1055 
1270 258 276 279 
1271 377 378 379 
1272 513 622 623 
1273 45 46 47 
1274 5 302 303 
1275 956 962 963 
1276 125 130 139 
1277 84 85 87 
1278 845 846 859 
1279 994 1000 1003 
1280 545 546 559 
1281 569 570 592 
1282 142 148 151 
1283 508 509 523 
1284 1073 1074 1143 
1285 253 264 279 
1286 678 679 707 
1287 779 782 791 
1288 536 537 539 
1289 928 929 1007 
1290 1018 1019 1031 
1291 561 562 591 
1292 368 369 371 
1293 1017 1030 1031 
1294 368 369 374 
1295 84 85 91 
1296 1096 1102 1103 
1297 784 787 838 
1298 105 112 115 
1299 677 678 684 
1300 105 112 119 
1301 812 818 819 
1302 845 846 847 
1303 508 509 511 
1304 507 572 579 
1305 657 742 743 
1306 396 397 399 
1307 668 669 670 
1308 808 809 811 
1309 421 444 451 
1310 1040 1042 1043 
1311 1101 1108 1111 
1312 253 264 267 
1313 512 518 519 
1314 545 546 547 
1315 1101 1108 1112 
1316 417 452 459 
1317 1077 1082 1128 
1318 659 682 683 
1319 17 22 31 
1320 405 424 439 
1321 997 1002 1015 
1322 677 706 735 
1323 236 237 756 
1324 74 168 207 
1325 610 616 619 
1326 725 730 731 
1327 517 518 519 
1328 224 263 688 
1329 997 1002 1003 
1330 310 316 319 
1331 861 874 875 
1332 226 668 671 
1333 1020 1021 1027 
1334 1020 1021 1023 
1335 314 590 599 
1336 1033 1034 1120 
1337 437 449 475 
1338 868 871 876 
1339 1094 1112 1115 
1340 789 796 803 
1341 709 710 734 
1342 569 582 583 
1343 1005 1018 1119 
1344 76 83 303 
1345 746 898 955 
1346 60 66 67 
1347 437 449 468 
1348 725 730 737 
1349 1100 1101 1103 
1350 820 828 835 
1351 176 177 202 
1352 217 218 667 
1353 1117 1124 1131 
1354 101 114 127 
1355 597 650 651 
1356 373 380 483 
1357 337 542 543 
1358 1017 1018 1119 
1359 821 826 895 
1360 1033 1120 1143 
1361 1069 1070 1071 
1362 586 608 611 
1363 177 188 211 
1364 1069 1070 1076 
1365 794 800 803 
1366 129 140 143 
1367 400 404 405 
1368 1117 1124 1127 
1369 1060 1061 1087 
1370 1076 1077 1082 
1371 721 728 756 
1372 953 978 979 
1373 125 126 135 
1374 741 746 747 
1375 144 150 151 
1376 1044 1045 1051 
1377 396 397 403 
1378 788 789 795 
1379 969 981 982 
1380 166 176 179 
1381 788 789 791 
1382 357 364 379 
1383 877 884 887 
1384 1044 1045 1047 
1385 298 299 304 
1386 169 204 207 
1387 401 402 403 
1388 470 548 551 
1389 125 126 127 
1390 309 320 323 
1391 693 694 712 
1392 205 206 207 
1393 229 230 243 
1394 1037 1044 1047 
1395 592 593 606 
1396 749 750 751 
1397 205 251 254 
1398 1037 1044 1051 
1399 365 366 404 
1400 420 425 426 
1401 673 685 686 
1402 177 188 191 
1403 877 884 891 
1404 852 866 867 
1405 416 422 423 
1406 760 761 822 
1407 565 588 595 
1408 649 654 655 
1409 1061 1080 1084 
1410 12 18 19 
1411 600 601 615 
1412 473 515 579 
1413 9 10 659 
1414 0 1 3 
1415 453 454 455 
1416 194 666 675 
1417 861 984 991 
1418 0 1 7 
1419 725 726 727 
1420 1132 1133 1139 
1421 377 382 383 
1422 381 386 479 
1423 721 728 731 
1424 929 1010 1019 
1425 41 54 159 
1426 469 548 575 
1427 1029 1030 1031 
1428 88 89 94 
1429 189 210 219 
1430 333 340 463 
1431 1133 1138 1139 
1432 120 126 127 
1433 88 89 91 
1434 617 642 655 
1435 1076 1077 1079 
1436 189 210 211 
1437 230 231 243 
1438 600 601 603 
1439 221 664 671 
1440 868 1040 1055 
1441 208 209 215 
1442 725 726 739 
1443 208 209 211 
1444 1021 1026 1035 
1445 32 33 38 
1446 917 928 931 
1447 549 568 583 
1448 32 33 35 
1449 297 362 363 
1450 401 402 415 
1451 946 960 961 
1452 353 358 367 
1453 924 925 939 
1454 924 925 930 
1455 188 189 191 
1456 485 486 487 
1457 60 61 63 
1458 90 96 97 
1459 60 61 66 
1460 805 806 807 
1461 921 942 963 
1462 1036 1037 1039 
1463 921 922 959 
1464 181 182 195 
1465 221 226 671 
1466 1004 1007 1010 
1467 757 758 767 
1468 1021 1026 1027 
1469 1045 1050 1063 
1470 873 886 887 
1471 928 929 930 
1472 37 48 51 
1473 261 262 268 
1474 516 520 521 
1475 725 738 739 
1476 709 714 733 
1477 959 962 971 
1478 404 405 430 
1479 453 454 460 
1480 181 194 195 
1481 437 442 443 
1482 921 922 943 
1483 732 733 739 
1484 273 274 716 
1485 21 28 99 
1486 252 258 259 
1487 898 899 923 
1488 1045 1050 1051 
1489 1036 1037 1043 
1490 261 262 263 
1491 454 460 463 
1492 297 362 391 
1493 40 43 46 
1494 533 534 540 
1495 342 528 534 
1496 293 300 303 
1497 293 300 307 
1498 461 466 539 
1499 360 363 388 
1500 476 482 483 
1501 264 265 267 
1502 1013 1058 1067 
1503 49 68 71 
1504 277 284 291 
1505 1002 1012 1015 
1506 277 284 287 
1507 520 521 526 
1508 205 206 224 
1509 37 48 71 
1510 109 116 301 
1511 340 462 463 
1512 681 686 687 
1513 899 902 923 
1514 1072 1078 1079 
1515 485 486 499 
1516 380 381 383 
1517 800 814 815 
1518 975 1098 1107 
1519 1037 1042 1043 
1520 380 381 386 
1521 805 806 815 
1522 873 874 887 
1523 264 265 279 
1524 485 490 503 
1525 341 342 528 
1526 521 526 639 
1527 944 949 950 
1528 36 37 51 
1529 41 54 55 
1530 928 930 931 
1531 625 626 632 
1532 544 548 549 
1533 350 368 371 
1534 362 363 388 
1535 10 154 155 
1536 693 718 719 
1537 353 354 363 
1538 328 329 335 
1539 328 329 331 
1540 241 252 255 
1541 305 310 319 
1542 1037 1042 1051 
1543 241 252 259 
1544 1105 1106 1135 
1545 10 154 163 
1546 576 577 578 
1547 36 37 62 
1548 404 430 431 
1549 197 218 667 
1550 481 488 492 
1551 57 58 156 
1552 473 576 579 
1553 585 586 587 
1554 100 101 103 
1555 813 910 911 
1556 581 604 611 
1557 848 849 851 
1558 848 849 854 
1559 133 146 239 
1560 389 394 403 
1561 897 922 959 
1562 14 32 35 
1563 693 718 727 
1564 353 354 355 
1565 45 50 59 
1566 864 870 871 
1567 813 909 910 
1568 133 134 235 
1569 937 938 944 
1570 93 100 115 
1571 42 43 55 
1572 761 772 775 
1573 161 172 175 
1574 97 102 103 
1575 460 461 463 
1576 482 488 491 
1577 460 461 466 
1578 690 691 696 
1579 461 462 532 
1580 581 604 607 
1581 905 910 911 
1582 529 650 823 
1583 161 172 179 
1584 741 754 755 
1585 641 646 653 
1586 8 11 14 
1587 913 918 931 
1588 921 942 943 
1589 309 323 419 
1590 197 198 199 
1591 346 347 352 
1592 937 938 939 
1593 80 95 303 
1594 681 682 683 
1595 128 136 143 
1596 1061 1062 1063 
1597 76 79 303 
1598 305 310 311 
1599 372 373 483 
1600 830 831 836 
1601 520 525 526 
1602 1029 1034 1121 
1603 1105 1134 1135 
1604 1130 1136 1137 
1605 337 338 339 
1606 56 69 70 
1607 841 852 855 
1608 469 470 548 
1609 365 378 431 
1610 192 198 199 
1611 69 200 207 
1612 316 398 411 
1613 313 562 591 
1614 11 42 155 
1615 9 182 183 
1616 897 922 923 
1617 953 954 979 
1618 4 7 294 
1619 301 302 531 
1620 217 665 666 
1621 41 42 155 
1622 432 478 479 
1623 1105 1106 1107 
1624 905 910 919 
1625 504 505 507 
1626 141 148 301 
1627 684 685 735 
1628 81 82 83 
1629 57 58 59 
1630 229 242 255 
1631 324 330 331 
1632 644 646 647 
1633 96 97 103 
1634 977 982 983 
1635 957 976 983 
1636 45 50 51 
1637 229 230 251 
1638 237 244 756 
1639 80 83 303 
1640 229 242 243 
1641 553 560 567 
1642 220 224 225 
1643 1012 1020 1027 
1644 200 206 207 
1645 660 666 667 
1646 767 770 779 
1647 564 568 569 
1648 25 60 67 
1649 273 716 723 
1650 957 976 979 
1651 301 651 756 
1652 845 850 851 
1653 25 60 63 
1654 321 446 455 
1655 992 993 1039 
1656 280 281 756 
1657 889 894 1039 
1658 633 634 635 
1659 1001 1002 1012 
1660 357 370 379 
1661 311 398 399 
1662 189 190 191 
1663 189 190 196 
1664 651 756 763 
1665 793 806 807 
1666 805 810 819 
1667 30 64 67 
1668 924 930 931 
1669 929 930 951 
1670 608 609 611 
1671 10 174 175 
1672 746 752 898 
1673 260 261 263 
1674 1033 1034 1035 
1675 437 438 439 
1676 340 341 462 
1677 5 111 303 
1678 605 606 615 
1679 134 135 147 
1680 805 810 811 
1681 793 806 815 
1682 29 30 64 
1683 772 773 831 
1684 81 92 95 
1685 1088 1094 1095 
1686 260 261 267 
1687 554 560 563 
1688 1053 1054 1087 
1689 10 174 183 
1690 45 52 55 
1691 504 505 511 
1692 929 948 1019 
1693 505 510 519 
1694 653 824 827 
1695 393 400 404 
1696 365 404 431 
1697 653 654 827 
1698 1081 1086 1136 
1699 393 400 403 
1700 1004 1010 1011 
1701 1073 1078 1121 
1702 857 862 999 
1703 78 84 87 
1704 933 934 940 
1705 955 958 979 
1706 1029 1121 1122 
1707 1076 1081 1082 
1708 300 306 307 
1709 804 805 807 
1710 140 141 301 
1711 589 596 599 
1712 633 634 640 
1713 944 945 950 
1714 221 222 223 
1715 1001 1002 1003 
1716 362 388 391 
1717 917 986 1007 
1718 1077 1078 1079 
1719 762 763 768 
1720 377 378 431 
1721 389 396 403 
1722 222 664 665 
1723 804 805 811 
1724 576 577 623 
1725 933 934 935 
1726 80 81 95 
1727 302 303 315 
1728 233 240 247 
1729 233 240 243 
1730 757 764 767 
1731 337 342 543 
1732 1090 1091 1096 
1733 944 945 947 
1734 473 514 623 
1735 832 833 871 
1736 961 962 971 
1737 316 322 323 
1738 700 701 703 
1739 277 278 279 
1740 448 449 451 
1741 325 326 554 
1742 782 788 791 
1743 737 758 767 
1744 1021 1022 1023 
1745 821 832 835 
1746 1041 1042 1048 
1747 617 648 655 
1748 569 582 607 
1749 621 628 635 
1750 641 646 647 
1751 304 346 355 
1752 621 628 631 
1753 533 540 547 
1754 297 308 311 
1755 501 502 503 
1756 801 802 803 
1757 1061 1062 1080 
1758 1113 1114 1132 
1759 1021 1022 1031 
1760 314 598 599 
1761 625 636 639 
1762 69 157 171 
1763 18 27 32 
1764 325 338 555 
1765 448 449 475 
1766 965 972 1099 
1767 462 532 535 
1768 748 749 755 
1769 748 749 751 
1770 474 572 575 
1771 29 30 31 
1772 457 464 467 
1773 457 464 468 
1774 477 482 491 
1775 945 960 967 
1776 249 692 719 
1777 69 157 164 
1778 584 585 631 
1779 657 658 751 
1780 1097 1098 1099 
1781 1034 1120 1121 
1782 693 712 727 
1783 80 81 83 
1784 757 764 771 
1785 577 578 584 
1786 221 222 664 
1787 44 45 51 
1788 694 712 715 
1789 501 502 520 
1790 44 45 47 
1791 489 490 491 
1792 700 701 715 
1793 277 278 287 
1794 657 658 743 
1795 552 553 555 
1796 733 738 745 
1797 552 553 558 
1798 317 322 331 
1799 817 858 987 
1800 145 146 147 
1801 948 1019 1088 
1802 488 493 494 
1803 714 732 733 
1804 273 286 723 
1805 313 326 327 
1806 909 916 919 
1807 922 923 935 
1808 288 289 290 
1809 1008 1014 1015 
1810 288 290 291 
1811 117 118 131 
1812 861 862 984 
1813 509 510 511 
1814 21 86 87 
1815 345 350 351 
1816 769 774 783 
1817 733 738 739 
1818 690 696 699 
1819 958 959 971 
1820 786 787 804 
1821 1093 1094 1095 
1822 697 698 704 
1823 625 632 636 
1824 157 158 164 
1825 390 396 399 
1826 1045 1056 1063 
1827 21 86 99 
1828 4 294 295 
1829 484 485 487 
1830 361 392 395 
1831 980 981 1135 
1832 913 924 931 
1833 149 150 236 
1834 580 581 587 
1835 437 442 507 
1836 285 721 722 
1837 769 774 775 
1838 224 250 688 
1839 182 183 195 
1840 65 72 97 
1841 832 833 895 
1842 1028 1034 1035 
1843 201 212 215 
1844 813 818 909 
1845 456 457 471 
1846 920 926 927 
1847 580 581 583 
1848 1013 1024 1027 
1849 252 253 258 
1850 313 314 327 
1851 1045 1056 1059 
1852 681 741 742 
1853 345 350 371 
1854 525 526 639 
1855 224 225 250 
1856 457 468 471 
1857 169 204 251 
1858 764 767 770 
1859 1042 1048 1051 
1860 765 778 779 
1861 10 11 155 
1862 201 212 227 
1863 965 1090 1099 
1864 894 1036 1039 
1865 252 253 267 
1866 1017 1018 1031 
1867 1088 1096 1103 
1868 484 485 491 
1869 38 39 44 
1870 422 444 445 
1871 29 64 123 
1872 156 157 171 
1873 53 158 159 
1874 456 457 459 
1875 412 413 427 
1876 374 380 383 
1877 1048 1052 1053 
1878 305 306 307 
1879 1005 1018 1019 
1880 881 888 1036 
1881 178 184 187 
1882 340 342 343 
1883 585 630 643 
1884 216 217 222 
1885 180 186 187 
1886 1108 1113 1114 
1887 850 856 857 
1888 73 122 231 
1889 412 413 415 
1890 85 97 98 
1891 516 517 519 
1892 437 438 475 
1893 949 964 1091 
1894 33 40 47 
1895 585 630 631 
1896 641 654 655 
1897 765 766 779 
1898 880 881 883 
1899 420 421 423 
1900 256 257 756 
1901 33 40 43 
1902 420 421 426 
1903 290 720 721 
1904 529 760 823 
1905 861 874 991 
1906 348 351 368 
1907 505 510 511 
1908 285 286 723 
1909 817 908 987 
1910 193 194 195 
1911 216 217 219 
1912 305 306 315 
1913 225 250 691 
1914 641 642 655 
1915 289 530 759 
1916 817 818 908 
1917 128 129 143 
1918 516 517 522 
1919 1037 1038 1047 
1920 472 498 499 
1921 605 606 607 
1922 393 404 407 
1923 1019 1088 1095 
1924 709 733 734 
1925 585 608 643 
1926 1104 1110 1111 
1927 153 158 167 
1928 248 254 255 
1929 1024 1025 1067 
1930 152 158 159 
1931 1013 1024 1067 
1932 1082 1128 1129 
1933 145 150 237 
1934 1037 1038 1039 
1935 544 545 547 
1936 588 589 594 
1937 288 530 756 
1938 1073 1074 1075 
1939 434 440 443 
1940 52 58 59 
1941 11 42 43 
1942 825 892 895 
1943 737 738 744 
1944 1019 1022 1031 
1945 202 203 208 
1946 973 1106 1135 
1947 137 144 147 
1948 793 800 815 
1949 753 754 955 
1950 865 866 875 
1951 961 966 975 
1952 176 184 191 
1953 969 970 971 
1954 41 42 55 
1955 544 545 550 
1956 1109 1110 1134 
1957 677 706 707 
1958 941 961 962 
1959 853 860 875 
1960 289 720 759 
1961 1081 1082 1129 
1962 550 568 571 
1963 545 550 571 
1964 1 2 3 
1965 352 353 355 
1966 949 964 967 
1967 6 12 15 
1968 352 353 358 
1969 468 507 572 
1970 1100 1101 1115 
1971 148 149 301 
1972 449 450 451 
1973 493 524 527 
1974 497 508 523 
1975 745 752 899 
1976 525 636 639 
1977 532 538 539 
1978 541 542 543 
1979 701 702 703 
1980 648 649 655 
1981 740 741 747 
1982 577 622 623 
1983 69 164 200 
1984 329 336 343 
1985 848 853 854 
1986 488 489 491 
1987 973 1106 1107 
1988 153 154 163 
1989 488 489 494 
1990 356 370 371 
1991 658 659 743 
1992 701 702 711 
1993 449 450 468 
1994 522 624 627 
1995 1109 1110 1111 
1996 64 65 67 
1997 497 508 511 
1998 153 154 155 
1999 285 290 721 
2000 25 30 31 
2001 477 478 479 
2002 541 542 552 
2003 113 118 131 
2004 444 450 451 
2005 577 622 631 
2006 249 271 695 
2007 676 698 699 
2008 609 629 643 
2009 865 866 867 
2010 1069 1076 1080 
2011 160 161 167 
2012 589 596 603 
2013 997 998 999 
2014 888 894 1036 
2015 1136 1137 1142 
2016 77 82 91 
2017 505 506 512 
2018 601 602 650 
2019 949 1006 1091 
2020 481 482 483 
2021 537 538 539 
2022 1 8 11 
2023 601 614 649 
2024 481 482 488 
2025 673 686 687 
2026 420 424 425 
2027 773 830 831 
2028 165 176 203 
2029 776 782 783 
2030 773 830 839 
2031 1 8 15 
2032 160 161 163 
2033 322 328 331 
2034 704 705 710 
2035 537 538 547 
2036 594 600 603 
2037 145 146 239 
2038 56 68 69 
2039 661 680 683 
2040 505 506 507 
2041 661 680 687 
2042 1006 1088 1091 
2043 969 982 983 
2044 717 724 731 
2045 425 448 475 
2046 913 924 927 
2047 377 382 435 
2048 1 6 7 
2049 329 336 339 
2050 917 928 1007 
2051 708 709 711 
2052 717 724 727 
2053 576 578 579 
2054 708 709 714 
2055 1116 1117 1122 
2056 780 788 795 
2057 320 328 335 
2058 705 710 734 
2059 117 118 119 
2060 49 56 68 
2061 409 414 423 
2062 384 385 495 
2063 1125 1130 1137 
2064 200 203 208 
2065 198 660 666 
2066 618 648 649 
2067 185 186 187 
2068 408 414 415 
2069 509 510 516 
2070 316 317 319 
2071 1125 1130 1131 
2072 786 804 807 
2073 818 908 909 
2074 25 30 67 
2075 20 294 303 
2076 704 705 707 
2077 849 856 863 
2078 356 357 370 
2079 388 394 395 
2080 220 221 226 
2081 461 532 539 
2082 1116 1117 1119 
2083 680 681 687 
2084 185 186 195 
2085 680 681 683 
2086 785 808 859 
2087 220 221 223 
2088 969 970 983 
2089 217 222 665 
2090 781 792 807 
2091 516 521 522 
2092 292 293 295 
2093 637 638 647 
2094 316 317 322 
2095 520 524 525 
2096 964 966 967 
2097 292 293 299 
2098 890 992 993 
2099 429 436 439 
2100 178 179 184 
2101 261 268 275 
2102 778 790 791 
2103 605 610 619 
2104 181 182 663 
2105 778 790 799 
2106 5 108 531 
2107 356 357 359 
2108 360 388 395 
2109 269 718 719 
2110 248 251 254 
2111 837 842 851 
2112 398 408 411 
2113 857 858 987 
2114 405 406 424 
2115 181 194 675 
2116 882 888 891 
2117 124 125 127 
2118 197 660 667 
2119 429 436 443 
2120 593 600 615 
2121 876 877 879 
2122 604 610 611 
2123 869 1040 1043 
2124 48 49 71 
2125 64 65 123 
2126 512 513 518 
2127 981 1134 1135 
2128 512 513 515 
2129 173 180 183 
2130 57 70 171 
2131 389 390 396 
2132 173 180 187 
2133 498 499 504 
2134 485 490 491 
2135 1009 1016 1023 
2136 23 78 87 
2137 644 645 646 
2138 389 390 391 
2139 785 808 811 
2140 810 816 819 
2141 868 869 1040 
2142 944 948 949 
2143 952 955 958 
2144 381 382 383 
2145 22 23 87 
2146 216 222 223 
2147 441 442 472 
2148 876 877 883 
2149 321 332 455 
2150 601 614 615 
2151 320 321 335 
2152 836 842 843 
2153 326 562 563 
2154 1077 1078 1121 
2155 1093 1118 1127 
2156 220 225 226 
2157 548 549 575 
2158 477 478 487 
2159 48 49 51 
2160 688 696 703 
2161 1080 1085 1086 
2162 616 641 642 
2163 822 823 828 
2164 372 480 495 
2165 392 393 395 
2166 573 578 587 
2167 117 128 301 
2168 733 734 747 
2169 196 197 199 
2170 880 1036 1043 
2171 828 831 840 
2172 969 974 975 
2173 544 549 550 
2174 936 937 951 
2175 1033 1074 1143 
2176 854 860 863 
2177 1009 1016 1019 
2178 673 674 687 
2179 361 392 407 
2180 573 578 579 
2181 113 118 119 
2182 372 480 483 
2183 32 38 39 
2184 304 311 355 
2185 609 610 611 
2186 285 286 287 
2187 1097 1098 1104 
2188 262 268 271 
2189 609 610 616 
2190 213 214 220 
2191 297 308 391 
2192 608 609 643 
2193 170 200 203 
2194 300 303 306 
2195 760 763 768 
2196 673 674 675 
2197 657 748 755 
2198 124 125 130 
2199 176 179 184 
2200 311 354 355 
2201 733 746 747 
2202 657 748 751 
2203 213 214 215 
2204 496 504 511 
2205 557 568 571 
2206 101 120 127 
2207 289 290 720 
2208 840 841 855 
2209 9 10 183 
2210 397 408 415 
2211 366 404 407 
2212 820 823 828 
2213 954 955 979 
2214 498 504 507 
2215 601 602 603 
2216 633 638 647 
2217 102 120 126 
2218 311 354 363 
2219 452 453 455 
2220 960 966 967 
2221 5 108 111 
2222 936 937 939 
2223 452 453 459 
2224 993 994 1000 
2225 137 144 151 
2226 130 136 139 
2227 840 841 843 
2228 314 598 651 
2229 809 845 859 
